--- DATOS FILTRADOS Y DESPLAZADOS ---
Origen: Specimen_RawData_1_procesado.txt
Eje X: Lambda (Stretch) | Eje Y: Stress (kPa)

Lambda Stress
1.00000000 0.00000000
0.99992505 0.00809394
0.99981142 0.01635038
0.99973646 0.02457809
0.99965910 0.03245352
0.99954788 0.04076691
0.99947051 0.04937425
0.99939556 0.05655299
0.99928192 0.06482664
0.99916828 0.07411610
0.99909333 0.08293660
0.99897969 0.09256596
0.99886606 0.10028237
0.99875242 0.11069066
0.99867747 0.12027193
0.99856383 0.12865320
0.99848888 0.13561276
0.99837525 0.14319118
0.99830029 0.15124731
0.99822534 0.15824608
0.99815039 0.16500218
0.99803675 0.17227713
0.99795939 0.18033927
0.99784817 0.18749497
0.99773453 0.19539806
0.99765716 0.20475994
0.99754352 0.21266983
0.99743231 0.22182658
0.99731867 0.23070821
0.99724372 0.24068370
0.99713008 0.24848622
0.99701645 0.25610958
0.99690281 0.26408478
0.99682786 0.27257935
0.99671422 0.27974927
0.99663927 0.28851517
0.99652563 0.29693340
0.99641200 0.30569823
0.99633704 0.31426594
0.99622341 0.32163092
0.99610977 0.32920442
0.99599614 0.33672821
0.99592118 0.34456983
0.99580755 0.35362600
0.99569391 0.36118540
0.99561896 0.37043262
0.99550532 0.37677863
0.99539169 0.38567221
0.99527805 0.39575848
0.99516441 0.40462510
0.99505078 0.41195530
0.99493714 0.42217568
0.99482351 0.43106208
0.99474855 0.43834672
0.99463492 0.44638908
0.99452370 0.45579266
0.99441006 0.46210816
0.99429643 0.47014375
0.99422147 0.47811300
0.99410784 0.48525051
0.99399420 0.49254531
0.99391683 0.50119515
0.99380561 0.50755123
0.99369198 0.51663546
0.99361461 0.52377544
0.99350339 0.52928234
0.99342602 0.53559622
0.99335107 0.54187159
0.99323743 0.54926505
0.99316248 0.55574221
0.99304884 0.56295975
0.99293521 0.57114563
0.99286026 0.57920587
0.99274662 0.58714184
0.99263298 0.59734656
0.99251935 0.60427124
0.99240571 0.61174211
0.99229449 0.62119730
0.99221712 0.62727004
0.99210590 0.63378382
0.99202853 0.63808544
0.99191490 0.64219987
0.99183995 0.64812780
0.99176499 0.65467604
0.99165136 0.66044863
0.99157641 0.66701980
0.99146277 0.67379284
0.99134913 0.67824941
0.99127418 0.68513354
0.99119681 0.68706504
0.99112186 0.69013917
0.99104691 0.69740190
0.99093327 0.70209936
0.99081964 0.70874443
0.99070600 0.71810304
0.99063105 0.72420921
0.99051741 0.73259738
0.99040378 0.74144245
0.99029256 0.74664822
0.99017892 0.75390726
0.99006528 0.76002706
0.98998792 0.76687836
0.98987670 0.77304868
0.98976306 0.77828895
0.98964942 0.78436050
0.98957447 0.79119437
0.98946084 0.79572027
0.98934720 0.80051700
0.98927225 0.80572251
0.98915861 0.81114294
0.98908124 0.81577815
0.98897002 0.82134117
0.98885639 0.82491060
0.98877902 0.83189740
0.98866780 0.83714319
0.98855416 0.84418550
0.98844053 0.84991456
0.98832689 0.85564065
0.98821325 0.86195928
0.98813830 0.86832815
0.98802467 0.87402751
0.98791103 0.87797469
0.98783608 0.88300578
0.98772244 0.88682609
0.98764749 0.89046395
0.98757012 0.89513799
0.98745890 0.89778364
0.98738153 0.90457414
0.98726790 0.90763101
0.98715668 0.91380108
0.98704304 0.92112230
0.98692940 0.92912928
0.98681577 0.93475171
0.98670213 0.94270147
0.98662718 0.94884623
0.98651354 0.95451424
0.98639991 0.96053724
0.98628627 0.96708264
0.98617263 0.97231573
0.98605900 0.97708867
0.98598405 0.98133117
0.98587041 0.98402624
0.98579546 0.98948774
0.98568182 0.99240541
0.98560687 0.99644696
0.98553192 0.99957327
0.98541828 1.00243168
0.98534333 1.00779408
0.98522969 1.00833816
0.98515233 1.01407380
0.98504111 1.01720402
0.98496374 1.02193240
0.98485252 1.02679405
0.98477515 1.02931848
0.98466151 1.03446619
0.98458656 1.03749260
0.98447292 1.04264933
0.98435929 1.04908543
0.98424807 1.05430300
0.98413443 1.05945116
0.98402080 1.06578315
0.98394343 1.07035216
0.98383221 1.07424215
0.98371857 1.07859978
0.98364120 1.08360966
0.98352998 1.08773654
0.98341635 1.09177626
0.98334140 1.09496355
0.98322776 1.09975620
0.98311412 1.10212730
0.98303917 1.10724694
0.98292554 1.10938941
0.98281190 1.11406048
0.98273695 1.11787811
0.98262331 1.12200015
0.98250968 1.12825713
0.98239604 1.12983224
0.98232109 1.13456982
0.98220745 1.13885374
0.98209381 1.14206512
0.98198018 1.14641180
0.98190523 1.15100259
0.98179159 1.15616268
0.98167795 1.16034502
0.98156432 1.16441714
0.98145068 1.16951534
0.98133704 1.17481281
0.98122341 1.18009843
0.98111219 1.18406607
0.98099855 1.18646092
0.98092118 1.19002474
0.98080997 1.19282459
0.98069633 1.19690977
0.98062138 1.19938828
0.98050774 1.20198558
0.98043037 1.20438997
0.98031674 1.20855280
0.98020552 1.21247142
0.98009188 1.21561704
0.97997824 1.21956690
0.97990329 1.22323643
0.97978966 1.22454943
0.97971470 1.22730746
0.97960107 1.23144683
0.97952370 1.23211187
0.97941006 1.23597022
0.97929884 1.23916908
0.97918521 1.24321982
0.97911026 1.24578200
0.97899662 1.24972598
0.97888298 1.25150409
0.97880561 1.25879072
0.97869439 1.25961391
0.97858076 1.26342439
0.97850339 1.26533913
0.97842844 1.26904023
0.97831480 1.27214418
0.97823985 1.27594500
0.97812621 1.27878191
0.97805126 1.28217804
0.97793763 1.28581476
0.97782399 1.28965450
0.97774904 1.29316649
0.97763540 1.29825993
0.97756045 1.30066729
0.97748550 1.29861488
0.97740813 1.30040922
0.97733318 1.30493168
0.97721954 1.30862577
0.97710590 1.31379246
0.97699468 1.31939837
0.97688105 1.32583756
0.97676741 1.33162769
0.97665378 1.33617259
0.97654014 1.34198345
0.97646519 1.34539467
0.97635155 1.35113369
0.97627660 1.35355847
0.97616296 1.35674834
0.97604933 1.35879325
0.97597438 1.36243274
0.97586074 1.36717750
0.97578337 1.37250144
0.97567215 1.37615393
0.97555851 1.37994048
0.97544488 1.38359590
0.97536993 1.38842023
0.97525629 1.39084580
0.97514265 1.39471256
0.97506770 1.40351337
0.97495407 1.40804957
0.97484043 1.41151821
0.97472679 1.41575661
0.97461316 1.41938485
0.97453821 1.42478772
0.97442457 1.42871313
0.97431093 1.43345185
0.97419730 1.43824549
0.97408366 1.44421953
0.97397002 1.44843153
0.97385880 1.45263869
0.97374517 1.45787315
0.97366780 1.46132137
0.97355658 1.46481778
0.97347921 1.46904645
0.97336799 1.47226450
0.97325436 1.47515088
0.97314072 1.47873866
0.97306335 1.48442869
0.97295213 1.48915525
0.97283850 1.49361594
0.97272486 1.49608055
0.97264991 1.50115006
0.97253627 1.50555520
0.97242263 1.50982965
0.97234768 1.51228266
0.97223405 1.51421684
0.97215668 1.51621020
0.97208173 1.51900876
0.97196809 1.52046213
0.97189314 1.52510312
0.97177950 1.52741832
0.97170455 1.53154856
0.97159091 1.53479108
0.97151596 1.53811096
0.97140233 1.53963448
0.97132737 1.54303990
0.97121374 1.54624002
0.97113879 1.54824101
0.97106142 1.55027790
0.97094778 1.55204133
0.97087283 1.55651505
0.97075919 1.56137586
0.97064556 1.56524755
0.97053434 1.57208268
0.97042070 1.57772721
0.97030706 1.58270855
0.97023211 1.58760114
0.97011848 1.59300852
0.97000484 1.59627541
0.96992989 1.60049366
0.96981625 1.60467987
0.96970262 1.60872729
0.96958898 1.61135717
0.96951403 1.61534856
0.96940039 1.61919177
0.96932544 1.62109340
0.96921180 1.62428284
0.96909817 1.62803220
0.96902321 1.63007946
0.96890958 1.63308325
0.96879594 1.63640975
0.96872099 1.64127023
0.96860735 1.64614986
0.96849372 1.64963199
0.96838008 1.65412918
0.96826645 1.65652819
0.96819149 1.66192230
0.96807786 1.66581634
0.96796422 1.66970797
0.96785058 1.67400896
0.96777563 1.67969247
0.96766200 1.68391414
0.96754836 1.68685485
0.96743472 1.69333032
0.96732109 1.69680016
0.96720987 1.70137006
0.96713250 1.70578486
0.96701886 1.70767787
0.96694391 1.71003369
0.96683027 1.71337109
0.96671664 1.71591509
0.96664169 1.72140528
0.96652805 1.72645805
0.96641441 1.72945889
0.96630320 1.73243145
0.96622583 1.73743284
0.96611219 1.74196023
0.96600097 1.74606591
0.96592360 1.74973417
0.96580997 1.75129992
0.96569875 1.75590981
0.96562138 1.75991781
0.96550774 1.76416951
0.96539652 1.76755112
0.96531915 1.77290974
0.96520552 1.77558494
0.96509430 1.78089092
0.96501693 1.78375501
0.96490571 1.78628967
0.96482834 1.78858045
0.96471470 1.79207395
0.96463975 1.79580836
0.96452612 1.79980716
0.96441248 1.80337692
0.96433753 1.80728469
0.96422389 1.81190326
0.96411026 1.81511397
0.96403530 1.81884687
0.96396035 1.82057786
0.96388540 1.60008447
0.96377176 1.39532767
0.96369439 1.34031712
0.96358318 1.31984316
0.96350581 1.31488936
0.96339217 1.31698420
0.96328095 1.32332820
0.96316732 1.33039544
0.96308995 1.33850257
0.96297873 1.35118745
0.96286509 1.36356372
0.96278772 1.37474112
0.96267650 1.38661538
0.96256287 1.39854568
0.96244923 1.40821506
0.96237428 1.42058431
0.96226064 1.42941630
0.96218327 1.44049075
0.96207205 1.45070881
0.96195842 1.46088350
0.96188347 1.47103110
0.96176983 1.48166003
0.96165619 1.49259978
0.96154256 1.50407093
0.96142892 1.51351072
0.96135397 1.52417946
0.96124033 1.53250265
0.96116538 1.54171047
0.96105174 1.54949367
0.96097438 1.55827553
0.96086316 1.56748230
0.96074952 1.57741929
0.96063588 1.58751117
0.96056093 1.59721664
0.96044730 1.60506143
0.96033366 1.61398628
0.96022002 1.62291517
0.96010639 1.63387309
0.95999275 1.64386722
0.95991780 1.65427089
0.95980416 1.66249087
0.95969053 1.67224244
0.95957689 1.68061308
0.95946325 1.68795297
0.95935204 1.69653579
0.95923840 1.70507889
0.95912476 1.71247976
0.95904981 1.72012079
0.95893617 1.72800562
0.95886122 1.73478366
0.95874759 1.74033993
0.95867022 1.74716345
0.95855658 1.75390623
0.95848163 1.76080313
0.95836799 1.76823213
0.95825436 1.77503326
0.95817940 1.78169812
0.95810445 1.78757788
0.95799082 1.79284292
0.95791586 1.79878692
0.95784091 1.80394641
0.95772728 1.80977943
0.95764991 1.81378552
0.95757496 1.82030983
0.95746132 1.82797758
0.95738637 1.83481884
0.95727273 1.84141859
0.95719778 1.84938825
0.95708414 1.85581803
0.95697051 1.86357482
0.95689556 1.87373266
0.95678192 1.88005696
0.95666828 1.89062459
0.95655465 1.89826186
0.95644343 1.90452939
0.95632979 1.91367639
0.95625242 1.92025171
0.95613879 1.92709362
0.95602757 1.93606789
0.95591393 1.94320598
0.95583656 1.94920865
0.95572534 1.95527196
0.95564797 1.96154808
0.95553434 1.96688777
0.95542312 1.97456799
0.95530948 1.98085511
0.95523211 1.98885736
0.95512089 1.99384883
0.95500726 2.00135753
0.95489362 2.00732730
0.95481867 2.01513642
0.95470503 2.02221943
0.95459140 2.02711081
0.95447776 2.03356706
0.95440281 2.03942503
0.95428917 2.04723291
0.95417554 2.05349527
0.95406190 2.06001019
0.95398695 2.06560165
0.95387331 2.07355248
0.95375968 2.07984803
0.95364604 2.08758592
0.95353240 2.09285911
0.95341877 2.10055076
0.95330755 2.10802874
0.95319391 2.11362822
0.95311654 2.11987230
0.95300532 2.12252582
0.95289169 2.12853832
0.95277805 2.13409599
0.95270310 2.14118961
0.95258946 2.14723915
0.95247583 2.15225531
0.95236219 2.15682595
0.95228724 2.16018619
0.95217360 2.16320808
0.95209865 2.16652273
0.95202128 2.17040172
0.95190764 2.17308626
0.95179643 2.17960238
0.95171906 2.18425331
0.95160784 2.18823959
0.95153047 2.19403357
0.95141683 2.19918280
0.95130561 2.20404456
0.95119198 2.20772306
0.95111461 2.21239103
0.95100097 2.21590364
0.95092602 2.21991876
0.95081238 2.22227738
0.95073743 2.22828699
0.95062380 2.23227840
0.95051016 2.23714482
0.95039652 2.24249573
0.95032157 2.24541010
0.95024662 2.24628919
0.95017167 2.24478220
0.95009430 2.24537601
0.95001935 2.24802412
0.94990571 2.25121253
0.94979207 2.25555876
0.94968086 2.26256970
0.94956722 2.26743886
0.94945358 2.27373940
0.94933995 2.28022666
0.94922631 2.28440945
0.94911267 2.29031896
0.94899904 2.29603476
0.94888540 2.29919856
0.94877418 2.30369217
0.94866055 2.30734970
0.94858318 2.31184874
0.94847196 2.31361075
0.94839459 2.31724904
0.94828095 2.31768527
0.94820600 2.31877647
0.94813105 2.32160580
0.94801741 2.32338905
0.94794246 2.32690761
0.94786751 2.32860668
0.94775387 2.33101381
0.94767650 2.33306358
0.94756528 2.33669552
0.94748792 2.34004941
0.94737670 2.34483180
0.94726306 2.35236539
0.94714942 2.35782645
0.94703579 2.36354534
0.94692215 2.37017454
0.94680851 2.37674099
0.94669488 2.38315636
0.94658124 2.38932816
0.94647002 2.39347882
0.94635639 2.39938312
0.94624275 2.40344628
0.94616780 2.40756692
0.94605416 2.41097375
0.94597679 2.41392039
0.94586316 2.41815925
0.94575194 2.42093960
0.94567457 2.42460808
0.94556093 2.42927646
0.94544971 2.43563190
0.94533608 2.43925298
0.94525871 2.44441608
0.94514749 2.44767376
0.94503385 2.44955498
0.94495648 2.45516069
0.94484527 2.45701944
0.94476790 2.45917418
0.94465426 2.46363085
0.94457931 2.46668641
0.94446567 2.47003613
0.94439072 2.47552727
0.94427708 2.47764905
0.94416345 2.48101288
0.94408850 2.48256122
0.94397486 2.47249443
0.94386122 2.47744140
0.94378627 2.48400995
0.94367263 2.48961634
0.94359768 2.49369881
0.94348405 2.49696133
0.94340910 2.50016198
0.94333414 2.50364563
0.94325677 2.50886843
0.94314314 2.51184679
0.94303192 2.51582883
0.94295455 2.52297967
0.94284091 2.53042063
0.94272969 2.53465285
0.94261606 2.54102552
0.94253869 2.54740043
0.94242747 2.55228358
0.94231383 2.55682243
0.94223888 2.56227904
0.94212525 2.56650793
0.94201161 2.57247739
0.94189797 2.57689210
0.94182302 2.58251838
0.94170939 2.58736535
0.94159575 2.59150079
0.94152080 2.59836585
0.94140716 2.60408712
0.94129352 2.60804315
0.94117989 2.61414096
0.94110494 2.61836776
0.94099130 2.62343550
0.94087766 2.62880383
0.94080271 2.63330729
0.94068908 2.63812909
0.94057544 2.64291868
0.94046180 2.64870733
0.94034817 2.65523245
0.94023453 2.65855334
0.94012089 2.66502992
0.94000968 2.67312713
0.93989604 2.68004848
0.93978240 2.68654639
0.93966877 2.68958619
0.93959381 2.69560768
0.93948018 2.69860126
0.93940523 2.70129017
0.93929159 2.70147528
0.93921664 2.70293390
0.93910300 2.70611537
0.93902563 2.70967362
0.93891441 2.71501938
0.93876209 2.71955369
0.93864846 2.72611000
0.93857351 2.73064185
0.93845987 2.73472308
0.93834623 2.73820107
0.93827128 2.73975396
0.93819633 2.74104103
0.93808269 2.74192678
0.93800532 2.74446928
0.93793037 2.74584452
0.93781674 2.74987450
0.93770310 2.75544437
0.93762815 2.76124425
0.93751451 2.76629526
0.93740087 2.77261197
0.93728966 2.77646300
0.93721229 2.78098735
0.93710107 2.78498638
0.93698743 2.78981584
0.93691006 2.79520500
0.93679884 2.80071527
0.93668521 2.80672860
0.93660784 2.81059151
0.93653289 2.81131403
0.93645793 2.80991118
0.93638298 2.81262514
0.93626935 2.81357522
0.93619198 2.81850772
0.93608076 2.82186766
0.93596712 2.83103939
0.93585349 2.83758935
0.93573985 2.84505823
0.93562621 2.85211500
0.93551258 2.85961648
0.93539894 2.86616257
0.93528530 2.87230135
0.93517409 2.87841359
0.93509672 2.88398567
0.93498550 2.88824851
0.93490813 2.89029507
0.93479449 2.89455128
0.93471954 2.89917088
0.93460590 2.90195847
0.93449227 2.90720965
0.93441732 2.91296519
0.93430368 2.91790217
0.93419004 2.92199393
0.93407641 2.92755293
0.93396519 2.93385389
0.93388782 2.93941340
0.93377660 2.94376662
0.93366296 2.94912379
0.93354933 2.95330026
0.93347196 2.95840676
0.93336074 2.96167837
0.93328337 2.96645255
0.93316973 2.96972504
0.93305851 2.97410015
0.93298115 2.98038380
0.93286751 2.98767129
0.93275629 2.99391299
0.93264265 2.99601648
0.93252902 3.00095499
0.93245407 3.00483322
0.93234043 3.00676249
0.93226306 3.01111295
0.93218811 3.01390602
0.93207447 3.01661924
0.93196084 3.01904807
0.93188588 3.02560614
0.93177225 3.02934655
0.93166103 3.03380680
0.93154739 3.04012390
0.93147002 3.04581381
0.93135880 3.04986482
0.93124517 3.05248042
0.93116780 3.05766915
0.93105416 3.05910063
0.93097921 3.06295420
0.93086557 3.06692833
0.93079062 3.07113717
0.93067699 3.07439247
0.93060204 3.07955993
0.93048840 3.08161168
0.93041345 3.08520143
0.93029981 3.08766107
0.93022486 3.09006159
0.93014749 3.09356126
0.93003627 3.09544887
0.92995890 3.09933216
0.92984768 3.10297521
0.92977031 3.10651271
0.92965668 3.11109957
0.92958173 3.11601295
0.92946809 3.11957290
0.92935445 3.12429772
0.92924082 3.12705902
0.92916586 3.13257746
0.92905223 3.13846865
0.92893859 3.14305544
0.92882737 3.14663566
0.92871374 3.15037141
0.92863879 3.15419561
0.92852515 3.15698834
0.92841151 3.16117957
0.92833414 3.16399477
0.92822292 3.16635509
0.92814556 3.17147635
0.92803192 3.17454591
0.92792070 3.17589780
0.92784333 3.17981208
0.92772969 3.18183706
0.92765474 3.18616196
0.92754111 3.18925304
0.92746615 3.19330656
0.92735252 3.19931035
0.92723888 3.20421258
0.92712525 3.20839063
0.92701403 3.21368421
0.92693666 3.21751097
0.92682302 3.21996047
0.92674807 3.22219425
0.92663443 3.22589423
0.92652321 3.23083038
0.92644585 3.23594988
0.92633221 3.23979530
0.92622099 3.24589492
0.92610735 3.25365866
0.92599372 3.25794276
0.92591635 3.26378452
0.92580513 3.26843595
0.92569149 3.27166532
0.92557786 3.27674125
0.92550291 3.28041045
0.92538927 3.28374931
0.92531190 3.28809113
0.92520068 3.29188676
0.92508704 3.29725091
0.92497341 3.30499067
0.92485977 3.31147200
0.92474614 3.31848939
0.92463250 3.32256083
0.92451886 3.32721349
0.92444391 3.33194421
0.92433027 3.33576155
0.92425532 3.33978334
0.92414169 3.34078973
0.92402805 3.34456361
0.92395310 3.34889761
0.92383946 3.35221579
0.92376451 3.35604297
0.92365087 3.35887786
0.92357592 3.36304720
0.92346229 3.36376700
0.92338733 3.36839506
0.92327370 3.37249122
0.92316006 3.37789417
0.92308511 3.38432707
0.92297147 3.38975154
0.92285784 3.39749324
0.92278289 3.39877455
0.92270552 3.33650231
0.92263057 3.26508455
0.92251693 3.26814365
0.92244198 3.27980821
0.92232834 3.28850838
0.92221470 3.30068817
0.92206480 3.31278470
0.92195116 3.32313831
0.92183753 3.33819826
0.92172389 3.34780195
0.92161026 3.35812505
0.92149662 3.36518688
0.92142167 3.37359528
0.92130803 3.38007263
0.92119439 3.38627377
0.92111944 3.39256728
0.92100581 3.40114146
0.92089217 3.40627119
0.92081722 3.41305969
0.92070358 3.41880652
0.92062863 3.42574519
0.92051499 3.43067381
0.92040136 3.43699740
0.92032641 3.44379926
0.92021277 3.45001970
0.92009913 3.45732620
0.91998550 3.46367413
0.91987186 3.46914398
0.91979691 3.47795731
0.91968327 3.48537874
0.91956964 3.49248450
0.91945842 3.49890386
0.91934478 3.50439436
0.91923115 3.50906013
0.91915619 3.51508598
0.91904256 3.51982529
0.91892892 3.52301972
0.91885397 3.52865143
0.91874033 3.53309897
0.91862670 3.53810860
0.91851306 3.54225113
0.91843811 3.54682184
0.91832447 3.54955845
0.91824952 3.55319423
0.91813588 3.55437543
0.91805851 3.55824991
0.91794730 3.56188486
0.91786993 3.56521083
0.91775629 3.56708393
0.91768134 3.57009718
0.91760639 3.57226285
0.91749275 3.57363419
0.91741780 3.57730624
0.91730416 3.58063922
0.91722921 3.58759432
0.91711557 3.59212819
0.91700194 3.59696035
0.91692699 3.60354564
0.91681335 3.60800649
0.91669971 3.61106438
0.91662476 3.61748284
0.91651113 3.62206543
0.91643617 3.62931071
0.91632254 3.63265859
0.91620890 3.63713272
0.91613395 3.64289581
0.91602031 3.64579190
0.91594536 3.65044952
0.91583173 3.65355455
0.91575436 3.65690046
0.91564072 3.66265969
0.91552950 3.66592847
0.91545213 3.67130908
0.91533850 3.67470555
0.91526354 3.68059301
0.91514991 3.68599203
0.91503627 3.69324468
0.91492505 3.70125714
0.91481142 3.70664805
0.91469778 3.70975275
0.91462283 3.71474620
0.91450919 3.71809455
0.91443182 3.72179870
0.91432060 3.72650163
0.91420697 3.73011030
0.91413202 3.73620850
0.91401838 3.74298212
0.91390474 3.74751201
0.91379111 3.75256284
0.91367747 3.75854408
0.91360252 3.76489556
0.91348888 3.76815159
0.91341393 3.77460416
0.91330029 3.77736642
0.91318666 3.78173239
0.91307302 3.78677996
0.91299807 3.79432312
0.91288443 3.80066605
0.91277080 3.80848376
0.91261848 3.81526294
0.91250726 3.82312817
0.91239362 3.83302149
0.91227998 3.84028416
0.91216635 3.84690580
0.91205271 3.85259625
0.91197776 3.85575135
0.91186412 3.85640238
0.91178917 3.85837673
0.91171180 3.86011504
0.91160058 3.85948215
0.91152321 3.86178712
0.91140958 3.86403555
0.91133463 3.86995675
0.91122099 3.87766594
0.91110977 3.88487215
0.91095745 3.89393571
0.91084381 3.90151562
0.91073018 3.90813505
0.91065523 3.91371128
0.91054159 3.91476749
0.91046664 3.91749325
0.91039169 3.91891816
0.91027805 3.91938279
0.91020068 3.92144319
0.91012573 3.92386627
0.91001209 3.92571111
0.90993714 3.92942948
0.90982351 3.93175504
0.90974855 3.93723647
0.90963492 3.94341043
0.90952128 3.95046714
0.90940764 3.95746070
0.90929401 3.96282130
0.90918279 3.96795614
0.90910542 3.96787641
0.90903047 3.96639944
0.90895552 3.96666675
0.90888057 3.96757725
0.90876693 3.96852764
0.90869198 3.97216631
0.90857834 3.97601820
0.90846470 3.98005807
0.90835107 3.98632024
0.90823743 3.99272239
0.90812380 4.00109536
0.90801016 4.00795978
0.90789652 4.01397475
0.90778289 4.01921875
0.90770793 4.02095116
0.90759430 4.01554272
0.90751935 4.01839420
0.90740571 4.01916732
0.90733076 4.02307750
0.90725581 4.02511940
0.90714217 4.02575544
0.90706722 4.02849054
0.90698985 4.03109076
0.90687863 4.03494459
0.90676499 4.03904649
0.90668763 4.04743986
0.90657641 4.05565266
0.90642409 4.06289700
0.90631045 4.07015407
0.90623550 4.07828834
0.90612186 4.08476095
0.90600822 4.08820015
0.90589459 4.09500603
0.90578095 4.10088478
0.90566732 4.10732920
0.90555610 4.11438361
0.90544246 4.11933173
0.90536509 4.12489801
0.90525387 4.12899761
0.90514024 4.13257303
0.90506287 4.13808489
0.90495165 4.14177306
0.90487428 4.14401805
0.90476306 4.14678839
0.90468569 4.14991596
0.90457205 4.15406741
0.90445842 4.15989727
0.90434720 4.16466671
0.90426983 4.17084989
0.90415619 4.17409563
0.90404498 4.17788979
0.90396761 4.18246190
0.90385639 4.18725052
0.90374275 4.19070490
0.90366538 4.19445923
0.90355416 4.19753707
0.90347679 4.20278807
0.90336316 4.20606199
0.90324952 4.20984978
0.90317457 4.21633384
0.90306093 4.21955663
0.90298598 4.22256665
0.90287234 4.22529906
0.90275871 4.22926152
0.90268376 4.23410299
0.90257012 4.23691603
0.90249517 4.24112540
0.90238153 4.24217065
0.90230658 4.24534859
0.90223163 4.24954848
0.90211799 4.25151907
0.90204062 4.25389198
0.90192940 4.25632751
0.90185204 4.25987755
0.90174082 4.26330799
0.90166345 4.26856806
0.90154981 4.27354525
0.90143859 4.28107331
0.90132496 4.28814327
0.90121132 4.29374568
0.90113395 4.29801569
0.90102273 4.30332372
0.90090910 4.30864300
0.90079546 4.31215928
0.90072051 4.31824923
0.90060687 4.32174428
0.90052950 4.32599568
0.90041828 4.32817108
0.90034091 4.33311191
0.90022728 4.33509041
0.90011606 4.34008201
0.90000242 4.34577008
0.89988879 4.35184462
0.89981383 4.35798242
0.89970020 4.36223529
0.89958656 4.36688273
0.89947292 4.37141185
0.89939797 4.37445898
0.89928434 4.37874901
0.89920939 4.38283987
0.89909575 4.38486496
0.89898211 4.38934873
0.89886848 4.39344314
0.89875484 4.39906588
0.89864120 4.40578434
0.89852757 4.41158961
0.89841635 4.41716706
0.89830271 4.42299469
0.89818908 4.42614769
0.89811171 4.43056231
0.89800049 4.43325022
0.89788685 4.43294865
0.89780948 4.43455897
0.89773453 4.43643669
0.89762089 4.43674485
0.89754594 4.44038392
0.89743231 4.44452044
0.89731867 4.44881735
0.89720503 4.45454607
0.89713008 4.46153684
0.89701645 4.46570151
0.89690281 4.46938725
0.89682786 4.47326859
0.89671422 4.47577365
0.89663927 4.48004637
0.89652563 4.48222721
0.89641200 4.44287341
0.89633704 4.34666486
0.89622341 4.33562595
0.89614846 4.33524837
0.89607351 4.34015684
0.89595987 4.34591995
0.89588492 4.35376916
0.89577128 4.36035939
0.89565764 4.37024620
0.89558269 4.37796268
0.89550532 4.38295433
0.89543037 4.38446423
0.89531674 4.38641319
0.89524178 4.39010029
0.89512815 4.39947726
0.89501451 4.40929166
0.89490087 4.42016063
0.89478724 4.43103810
0.89467602 4.44223334
0.89456238 4.45047793
0.89444875 4.46034830
0.89433511 4.46813905
0.89426016 4.47801691
0.89414652 4.48393333
0.89407157 4.48989684
0.89395793 4.49388893
0.89388057 4.49805971
0.89376935 4.50309200
0.89369198 4.50929837
0.89357834 4.51308524
0.89346712 4.51890398
0.89338975 4.52687592
0.89327612 4.53526552
0.89316490 4.54338893
0.89305126 4.55180544
0.89297389 4.55731291
0.89286267 4.56702892
0.89274904 4.57227058
0.89263540 4.57864302
0.89256045 4.58461264
0.89244681 4.58983160
0.89236944 4.59474409
0.89225822 4.60040080
0.89214459 4.60677621
0.89203095 4.61576752
0.89191732 4.62619090
0.89180368 4.63672442
0.89169004 4.64675477
0.89157641 4.65704586
0.89146277 4.66558944
0.89135155 4.67231623
0.89123792 4.67765816
0.89116296 4.68461969
0.89104933 4.68845880
0.89093569 4.69091989
0.89086074 4.69478902
0.89074710 4.69837533
0.89066973 4.70391694
0.89055610 4.70976020
0.89044488 4.71618580
0.89036751 4.72121931
0.89025387 4.72555427
0.89014265 4.73014586
0.89002902 4.73598817
0.88995165 4.73982965
0.88984043 4.74534414
0.88972679 4.75008870
0.88964942 4.75669074
0.88953821 4.76018293
0.88942457 4.76286533
0.88934962 4.76570577
0.88923598 4.76803530
0.88915861 4.77290944
0.88904739 4.77685929
0.88893376 4.78099829
0.88885639 4.78646647
0.88874275 4.79025879
0.88866780 4.79333906
0.88855416 4.79626630
0.88844053 4.79732275
0.88836557 4.80108461
0.88825194 4.80439628
0.88817699 4.80759382
0.88806335 4.81120249
0.88794971 4.81506543
0.88787476 4.82016697
0.88776113 4.82460937
0.88764749 4.82815680
0.88757254 4.83234795
0.88745890 4.83517759
0.88738395 4.83874930
0.88727031 4.84079871
0.88719536 4.84360268
0.88712041 4.84501937
0.88700677 4.84575922
0.88692940 4.85017535
0.88681819 4.85659490
0.88670455 4.86199083
0.88662718 4.86833364
0.88651596 4.87554804
0.88640233 4.88146369
0.88628869 4.88748278
0.88617505 4.89449369
0.88606142 4.90135842
0.88598646 4.91008772
0.88587283 4.91696933
0.88575919 4.92328894
0.88564556 4.93005694
0.88553192 4.93716162
0.88541828 4.94279163
0.88530706 4.94782019
0.88522969 4.95258106
0.88511606 4.95762843
0.88500484 4.96272406
0.88489120 4.96878663
0.88481383 4.97495917
0.88470262 4.97857969
0.88458898 4.98154076
0.88451161 4.98511904
0.88440039 4.98874563
0.88432302 4.99311183
0.88420939 4.99694280
0.88409817 4.99957958
0.88402080 5.00444154
0.88390958 5.00901127
0.88383221 5.01295442
0.88371857 5.01938398
0.88360735 5.02685973
0.88349372 5.03339425
0.88338008 5.03932546
0.88326645 5.04432137
0.88319149 5.04786070
0.88311412 5.05048481
0.88300049 5.05105260
0.88292554 5.05474514
0.88281190 5.05830550
0.88269826 5.06255613
0.88262331 5.06986018
0.88250968 5.07424379
0.88239604 5.08078043
0.88232109 5.08510294
0.88220745 5.08933575
0.88209623 5.09378784
0.88201886 5.09988371
0.88190523 5.10307481
0.88179401 5.10733252
0.88171664 5.11271616
0.88160300 5.11657136
0.88152805 5.11793335
0.88145310 5.11676303
0.88137815 5.11471327
0.88130078 5.11702696
0.88118714 5.11871361
0.88111219 5.12414000
0.88099855 5.13068049
0.88088733 5.13818132
0.88077370 5.14839292
0.88066006 5.15473425
0.88054643 5.16259095
0.88047147 5.16946514
0.88035784 5.17558733
0.88024420 5.17955471
0.88016925 5.18386541
0.88005561 5.18531777
0.87997824 5.18894999
0.87986703 5.19062449
0.87978966 5.19423422
0.87967602 5.19861664
0.87956480 5.20352604
0.87948743 5.21018703
0.87937380 5.21488066
0.87926258 5.22038650
0.87914894 5.22614098
0.87907157 5.23192440
0.87896035 5.23517178
0.87884672 5.23951355
0.87877176 5.24572314
0.87865813 5.25121693
0.87854449 5.25663327
0.87843086 5.26323670
0.87827853 5.26972956
0.87816490 5.27730461
0.87805368 5.28645937
0.87794004 5.29216882
0.87782641 5.29523879
0.87775145 5.29751862
0.87767409 5.29858154
0.87756045 5.29693185
0.87748550 5.29757383
0.87741055 5.30033703
0.87729691 5.30079851
0.87722196 5.30604398
0.87710832 5.30923041
0.87699468 5.31236993
0.87691973 5.31638338
0.87680610 5.32144706
0.87669246 5.32696892
0.87657882 5.33193321
0.87650387 5.33703115
0.87639024 5.34062392
0.87627660 5.34414781
0.87620165 5.34812837
0.87608801 5.35067556
0.87601306 5.35507689
0.87589942 5.35738239
0.87582447 5.36029659
0.87574952 5.36246803
0.87563588 5.36341555
0.87555851 5.36999421
0.87544488 5.37263571
0.87533366 5.37973644
0.87525629 5.38461030
0.87514265 5.39244074
0.87503144 5.39821462
0.87491780 5.40323158
0.87484043 5.40733514
0.87472921 5.40994755
0.87465184 5.41315492
0.87457689 5.41570311
0.87446325 5.41974779
0.87434962 5.42351718
0.87423598 5.43021926
0.87416103 5.43882521
0.87404739 5.44512341
0.87393376 5.45173154
0.87382254 5.45983834
0.87370890 5.46555021
0.87359527 5.47095025
0.87352031 5.47909359
0.87340668 5.48274697
0.87329304 5.48760716
0.87321809 5.49326134
0.87310445 5.49674900
0.87299082 5.50007801
0.87291586 5.50524329
0.87280223 5.51026937
0.87268859 5.51402848
0.87261364 5.51915256
0.87250000 5.52522399
0.87238637 5.52992060
0.87227273 5.53617754
0.87219778 5.54141887
0.87208414 5.54741887
0.87197051 5.55203815
0.87185687 5.55809389
0.87178192 5.56458643
0.87166828 5.57082082
0.87155465 5.57742103
0.87144101 5.58667856
0.87129111 5.59256005
0.87121615 5.60188825
0.87110252 5.60806453
0.87098888 5.61271567
0.87087525 5.61592189
0.87080029 5.62156533
0.87068666 5.62151111
0.87061171 5.62605770
0.87049807 5.62846240
0.87038443 5.63263368
0.87030706 5.63430050
0.87019585 5.63792855
0.87011848 5.64399673
0.87000484 5.64999813
0.86989362 5.65777784
0.86977998 5.66429620
0.86966635 5.67046553
0.86955271 5.67439814
0.86947776 5.67741947
0.86936412 5.67930111
0.86928917 5.68085054
0.86917554 5.68070534
0.86909817 5.68379644
0.86898695 5.68610735
0.86890958 5.69029606
0.86879594 5.69224221
0.86868472 5.69318278
0.86860735 5.69694964
0.86849614 5.70051624
0.86838250 5.70636416
0.86826886 5.71125362
0.86815523 5.71838152
0.86808027 5.72173631
0.86796664 5.72074197
0.86792795 5.71895803
0.86785300 5.71530348
0.86777805 5.71290895
0.86766441 5.71246240
0.86758704 5.71360324
0.86751209 5.71678844
0.86739846 5.72021941
0.86728482 5.72651240
0.86717360 5.73234683
0.86709623 5.74085584
0.86698260 5.74798939
0.86687138 5.75612080
0.86675774 5.76105054
0.86664410 5.76704722
0.86656915 5.77313198
0.86645552 5.77631338
0.86638057 5.78180519
0.86626693 5.78475255
0.86615329 5.78697858
0.86607834 5.79303044
0.86596470 5.79741803
0.86585107 5.80353518
0.86573743 5.80999193
0.86566248 5.81715556
0.86554884 5.82402200
0.86543521 5.83031885
0.86532157 5.83481535
0.86524662 5.84081079
0.86513298 5.84328529
0.86505803 5.84722168
0.86494439 5.85334904
0.86483076 5.85818850
0.86471712 5.86567754
0.86460349 5.87228954
0.86448985 5.87879719
0.86441490 5.88622052
0.86430126 5.89300201
0.86418763 5.90004009
0.86407399 5.90612812
0.86396035 5.91516818
0.86384913 5.92208823
0.86373550 5.92574245
0.86362186 5.92768946
0.86354691 5.93323972
0.86343327 5.93698625
0.86331964 5.94137186
0.86324468 5.94737187
0.86313105 5.95087795
0.86301741 5.95500159
0.86294246 5.96006391
0.86282882 5.96410987
0.86271519 5.96630735
0.86264024 5.97050771
0.86252660 5.97407805
0.86244923 5.97756300
0.86233801 5.98230579
0.86222438 5.98289950
0.86214701 5.98672946
0.86203579 5.98965547
0.86195842 5.99395585
0.86184478 5.99653932
0.86176983 6.00081560
0.86165619 6.00500459
0.86154256 6.00906648
0.86146761 6.01351734
0.86135397 6.01684799
0.86127902 6.02211970
0.86116538 6.02422418
0.86109043 6.02530899
0.86101548 6.02442529
0.86094053 6.02712741
0.86082689 6.02933243
0.86074952 6.03426786
0.86063830 6.03999038
0.86052467 6.04800387
0.86041103 6.05475891
0.86029739 6.06239594
0.86018376 6.07029362
0.86010880 6.07670404
0.85999517 6.08233439
0.85988153 6.08720661
0.85980658 6.09184775
0.85969294 6.09851607
0.85957931 6.10078469
0.85950436 6.10566910
0.85939072 6.11014730
0.85927708 6.11253939
0.85920213 6.11809733
0.85908850 6.12327775
0.85897486 6.12691512
0.85889991 6.13247394
0.85878627 6.13605882
0.85867263 6.14084544
0.85855900 6.14526791
0.85848405 6.15145988
0.85837041 6.15795908
0.85821809 6.16544575
0.85810687 6.17385304
0.85799323 6.18002055
0.85787960 6.18580279
0.85776596 6.18917775
0.85769101 6.19189787
0.85761364 6.19226235
0.85750242 6.19348040
0.85742505 6.19497812
0.85731142 6.19368632
0.85723646 6.19724761
0.85712283 6.20136648
0.85700919 6.20593380
0.85693424 6.21119935
0.85682060 6.21506663
0.85670697 6.22030387
0.85663202 6.22471489
0.85651838 6.23013887
0.85640474 6.23469961
0.85629352 6.23999806
0.85621615 6.24682343
0.85610494 6.24943200
0.85599130 6.25172981
0.85591393 6.25428505
0.85583898 6.25596591
0.85572534 6.25865525
0.85561171 6.26185126
0.85553675 6.26697416
0.85542312 6.27139101
0.85534817 6.27844950
0.85523453 6.28370745
0.85512089 6.28915477
0.85500726 6.29600038
0.85489362 6.30130268
0.85481867 6.30516598
0.85470503 6.30858401
0.85463008 6.31095043
0.85451645 6.31491939
0.85440281 6.31851765
0.85432786 6.32657749
0.85421422 6.33213199
0.85410058 6.33763669
0.85402563 6.34054793
0.85395068 6.33828056
0.85387573 6.33537396
0.85379836 6.33238829
0.85368714 6.33270347
0.85360977 6.33463109
0.85349614 6.34122531
0.85342118 6.34905037
0.85330755 6.35750830
0.85319391 6.36568038
0.85308027 6.37521187
0.85296906 6.38494016
0.85285542 6.39221718
0.85274178 6.39741048
0.85262815 6.40349822
0.85255320 6.41032224
0.85243956 6.41375602
0.85236461 6.41886196
0.85225097 6.42105306
0.85213733 6.42424928
0.85206238 6.42952869
0.85194875 6.43371547
0.85187380 6.43887182
0.85176016 6.44332607
0.85164652 6.44843934
0.85156915 6.45314828
0.85145793 6.45784245
0.85134430 6.46375358
0.85123066 6.47049398
0.85115571 6.47977073
0.85104207 6.48949344
0.85092844 6.49766148
0.85081480 6.50389534
0.85070116 6.51092637
0.85058753 6.51825337
0.85047389 6.52548878
0.85036026 6.53123803
0.85024904 6.53730992
0.85013540 6.54314494
0.85005803 6.54924026
0.84994681 6.55192602
0.84986944 6.55418484
0.84975581 6.55665705
0.84964459 6.56283672
0.84956722 6.56724649
0.84945358 6.57429680
0.84934236 6.57998709
0.84922873 6.58646583
0.84911509 6.59190731
0.84900145 6.59740877
0.84892650 6.60164043
0.84881287 6.60227870
0.84873792 6.60453245
0.84862428 6.60519024
0.84854933 6.60697285
0.84843569 6.60830517
0.84835832 6.61144162
0.84824710 6.61174595
0.84816973 6.61381795
0.84805610 6.61609137
0.84794246 6.61943476
0.84786751 6.62570730
0.84775387 6.62985717
0.84764024 6.63401301
