Ensayo de Compresion - Specimen_RawData_1
C10: 1.6284, C20: 3.0468, C30: 0.0000 (kPa)
Lambda Stress(kPa)
1.00000000 0.00000000
1.00000000 0.00013884
1.00000000 0.00043286
1.00000000 0.00050636
1.00000000 0.00089021
0.99991509 0.00071864
0.99991509 0.00003267
0.99987127 0.00004083
0.99987127 0.00151072
0.99983018 0.00081657
0.99978636 0.00288237
0.99970145 0.00484164
0.99965763 0.00413930
0.99957272 0.00396751
0.99948781 0.00607321
0.99935908 0.00697023
0.99927143 0.00899359
0.99910162 0.01143999
0.99892906 0.01466872
0.99875924 0.01424206
0.99854560 0.01626967
0.99833196 0.01916067
0.99811832 0.02252323
0.99790194 0.02418094
0.99764722 0.02467994
0.99743084 0.02804708
0.99726102 0.02963867
0.99704738 0.02982775
0.99691865 0.03415541
0.99674610 0.03536244
0.99662010 0.03658703
0.99649137 0.03849484
0.99640646 0.04046090
0.99631882 0.03906590
0.99623391 0.04055152
0.99610518 0.04391429
0.99602027 0.04268223
0.99589154 0.04257911
0.99576280 0.04554196
0.99563407 0.04579628
0.99550534 0.04573345
0.99537661 0.04786555
0.99525062 0.04814398
0.99512188 0.05179502
0.99499315 0.05243842
0.99490824 0.05185703
0.99477951 0.05385707
0.99469187 0.05585076
0.99456587 0.05476337
0.99443714 0.05626691
0.99434949 0.05748821
0.99422350 0.05981135
0.99413585 0.06148675
0.99400712 0.06040719
0.99392221 0.06371395
0.99379348 0.06242331
0.99366475 0.06316995
0.99357984 0.06434929
0.99345111 0.06692109
0.99336620 0.06968999
0.99323747 0.06826138
0.99310874 0.07060467
0.99298274 0.07045784
0.99289510 0.07002995
0.99276637 0.07317489
0.99263763 0.07507865
0.99251164 0.07515829
0.99238291 0.07568346
0.99225418 0.07668662
0.99216927 0.07708522
0.99204054 0.07997576
0.99191180 0.07994918
0.99182690 0.07962643
0.99169816 0.08187580
0.99156943 0.08405169
0.99148452 0.08498381
0.99135579 0.08378259
0.99122706 0.08263026
0.99109833 0.08388225
0.99096960 0.08735959
0.99084087 0.08780950
0.99071213 0.08865576
0.99058340 0.08819119
0.99045741 0.09067144
0.99036976 0.09152079
0.99024103 0.09316681
0.99015612 0.09436374
0.99002739 0.09570986
0.98994248 0.09608165
0.98985757 0.09602490
0.98972884 0.09699856
0.98964393 0.09577786
0.98951520 0.09793124
0.98943029 0.09894909
0.98930156 0.10015626
0.98921665 0.10054354
0.98908792 0.10200872
0.98900027 0.10171698
0.98887428 0.10507181
0.98874555 0.10620481
0.98865790 0.10510534
0.98852917 0.10482523
0.98844426 0.10822292
0.98831553 0.10990387
0.98818954 0.10783992
0.98806081 0.10897982
0.98793207 0.11265295
0.98780334 0.11487296
0.98771843 0.11474208
0.98758970 0.11471906
0.98746097 0.11755901
0.98733224 0.11861615
0.98724733 0.11839631
0.98711860 0.11776817
0.98698987 0.12048544
0.98690496 0.12091032
0.98677623 0.12065278
0.98669132 0.12552579
0.98656259 0.12603314
0.98643385 0.12342256
0.98630512 0.12523500
0.98622021 0.12689957
0.98609148 0.12735011
0.98596275 0.12857356
0.98583402 0.13051326
0.98574911 0.13005923
0.98562038 0.13212711
0.98549165 0.13060476
0.98540674 0.13287107
0.98527801 0.13446308
0.98514927 0.13518573
0.98502054 0.13605299
0.98489181 0.13679132
0.98476308 0.13937122
0.98463709 0.14004497
0.98450835 0.13964071
0.98442071 0.14047246
0.98429471 0.14428097
0.98416598 0.14241341
0.98407833 0.14115498
0.98395234 0.14243071
0.98386469 0.14503754
0.98373870 0.14621607
0.98360997 0.14574708
0.98352232 0.14852138
0.98339633 0.15107243
0.98326760 0.14955899
0.98313887 0.15181976
0.98301013 0.15100507
0.98288140 0.15179605
0.98279649 0.15325181
0.98266776 0.15505353
0.98258285 0.15565002
0.98249521 0.15558799
0.98236647 0.15565586
0.98228157 0.15619595
0.98215283 0.15829312
0.98206793 0.15785434
0.98193919 0.15906064
0.98181046 0.16090811
0.98168173 0.16235422
0.98159682 0.16176296
0.98146809 0.16269562
0.98133936 0.16144803
0.98125445 0.16645885
0.98112572 0.16504275
0.98104081 0.16836958
0.98091208 0.16761046
0.98082717 0.16731558
0.98074226 0.16856665
0.98065735 0.16882437
0.98056971 0.17025880
0.98048480 0.17214989
0.98035607 0.17326424
0.98022733 0.17288123
0.98009860 0.17468357
0.97996987 0.17602122
0.97984388 0.17639071
0.97971515 0.17841590
0.97958641 0.17766443
0.97945768 0.17884098
0.97937277 0.17960134
0.97924404 0.18353654
0.97915913 0.18328072
0.97903040 0.18276088
0.97894276 0.18383185
0.97881676 0.18421589
0.97872912 0.18439124
0.97860312 0.18519871
0.97847439 0.18698038
0.97834566 0.18778676
0.97826075 0.18813799
0.97813202 0.18758599
0.97800329 0.18923068
0.97787455 0.19044366
0.97778965 0.19469948
0.97766091 0.19318870
0.97753218 0.19287585
0.97744727 0.19707407
0.97731854 0.19623397
0.97723090 0.19626426
0.97710490 0.19654220
0.97697617 0.19748177
0.97684744 0.20015231
0.97671871 0.19900119
0.97658998 0.20130392
0.97646124 0.20144486
0.97633251 0.20423305
0.97620652 0.20320213
0.97607779 0.20576614
0.97594906 0.20464702
0.97586141 0.20839843
0.97573541 0.20773401
0.97564777 0.20730897
0.97556286 0.21057355
0.97543413 0.21119901
0.97530540 0.21152162
0.97517940 0.21225091
0.97509176 0.21248667
0.97496302 0.21543664
0.97483429 0.21743043
0.97474938 0.21736373
0.97462065 0.21553610
0.97453574 0.21808812
0.97440701 0.21790811
0.97427828 0.22147590
0.97415229 0.22116084
0.97406464 0.22271609
0.97393591 0.22436500
0.97385100 0.22413069
0.97372227 0.22389430
0.97359354 0.22528006
0.97350863 0.22608729
0.97342372 0.22689437
0.97329499 0.22659410
0.97321008 0.22798913
0.97308135 0.22729935
0.97299644 0.22820927
0.97286771 0.23067396
0.97278006 0.23132849
0.97269515 0.23234103
0.97256642 0.23323167
0.97243769 0.23597256
0.97231170 0.23333735
0.97218296 0.23476740
0.97205423 0.23559371
0.97192550 0.23621341
0.97184059 0.23666900
0.97171186 0.23897085
0.97158313 0.23680468
0.97145440 0.23956606
0.97136949 0.24052091
0.97124076 0.24198822
0.97115585 0.24299817
0.97106820 0.24254797
0.97094221 0.24228654
0.97085456 0.24262148
0.97072583 0.24691800
0.97059984 0.24645790
0.97051219 0.24833794
0.97038346 0.24695772
0.97025746 0.24884331
0.97012873 0.25108423
0.97004108 0.25038022
0.96991509 0.25094180
0.96978636 0.25380734
0.96970145 0.25294564
0.96957272 0.25495506
0.96944399 0.25369398
0.96935908 0.25766186
0.96923035 0.25739808
0.96910162 0.25881229
0.96897288 0.26017073
0.96884415 0.25987504
0.96871542 0.26262539
0.96858669 0.26272497
0.96850178 0.26400707
0.96837305 0.26428833
0.96824432 0.26718697
0.96811558 0.26764166
0.96803068 0.26734148
0.96790194 0.26793042
0.96777321 0.27157010
0.96764722 0.27055478
0.96751849 0.27141170
0.96738976 0.27580001
0.96726102 0.27536833
0.96717612 0.27371696
0.96708847 0.27514544
0.96695974 0.27536153
0.96687483 0.27622966
0.96678992 0.27810831
0.96666119 0.27968971
0.96653246 0.28113649
0.96644755 0.28103287
0.96631882 0.28038775
0.96619008 0.28305700
0.96610518 0.28258237
0.96597644 0.28496671
0.96589154 0.28404237
0.96576280 0.28520341
0.96567790 0.28695287
0.96554916 0.28815267
0.96542043 0.28898157
0.96529170 0.28907706
0.96520679 0.29095930
0.96512188 0.29098888
0.96503424 0.29184519
0.96494933 0.29041672
0.96482060 0.29414451
0.96469187 0.29567314
0.96456313 0.29511375
0.96443714 0.29593376
0.96430841 0.29801280
0.96417968 0.29851636
0.96405094 0.29996459
0.96392221 0.29964113
0.96379348 0.30060078
0.96366475 0.30327590
0.96357984 0.30243860
0.96345111 0.30519155
0.96336620 0.30679331
0.96323747 0.30738166
0.96315256 0.30838504
0.96302383 0.30834382
0.96293892 0.31142308
0.96281019 0.31105905
0.96272528 0.31033970
0.96259655 0.31255449
0.96246782 0.31487086
0.96238291 0.31292527
0.96225418 0.31546897
0.96212545 0.31827914
0.96204054 0.31608249
0.96191180 0.31864054
0.96178307 0.31879427
0.96165434 0.32086431
0.96156943 0.32128361
0.96144070 0.32166462
0.96131197 0.32319178
0.96118324 0.32496972
0.96109833 0.32614196
0.96096960 0.32833506
0.96084087 0.32621939
0.96071213 0.32929848
0.96058340 0.33028992
0.96045467 0.32992405
0.96032868 0.33212390
0.96019995 0.33064428
0.96007121 0.33377555
0.95994248 0.33474215
0.95985757 0.33541024
0.95977267 0.33462023
0.95968502 0.33804616
0.95955629 0.33630023
0.95947138 0.33920901
0.95938647 0.33809770
0.95925774 0.34100589
0.95917283 0.33983199
0.95904410 0.34284893
0.95895919 0.34209021
0.95883046 0.34482424
0.95870173 0.34646136
0.95857299 0.34650878
0.95844426 0.34761292
0.95831553 0.34896720
0.95823062 0.34934323
0.95810189 0.35074391
0.95797316 0.35046989
0.95788825 0.35266843
0.95780334 0.35338031
0.95767461 0.35531945
0.95758970 0.35488127
0.95746097 0.35663209
0.95737332 0.35654471
0.95728841 0.35731055
0.95715968 0.35910737
0.95707477 0.35702758
0.95694604 0.36168447
0.95681731 0.36229223
0.95673240 0.36309615
0.95660367 0.36418794
0.95647494 0.36495915
0.95634621 0.36403525
0.95622021 0.36911816
0.95609148 0.36742088
0.95596275 0.36924519
0.95587784 0.37192134
0.95574911 0.37104385
0.95566146 0.37166544
0.95553547 0.37324746
0.95540674 0.37549123
0.95527801 0.37551086
0.95519310 0.37674907
0.95506437 0.38042674
0.95497672 0.38020465
0.95485073 0.38062239
0.95472199 0.38301163
0.95463435 0.38090257
0.95450835 0.38374446
0.95437962 0.38596090
0.95425089 0.38598678
0.95416598 0.38570306
0.95403725 0.38777037
0.95390852 0.38992281
0.95377979 0.38952745
0.95365105 0.39315107
0.95352232 0.39235819
0.95339359 0.39462558
0.95326486 0.39471244
0.95313887 0.39650516
0.95301013 0.39731556
0.95288140 0.39859266
0.95279649 0.39823032
0.95270885 0.39834930
0.95258012 0.39784425
0.95249521 0.40151943
0.95236647 0.40180740
0.95224048 0.40176979
0.95215283 0.40167060
0.95202410 0.40648362
0.95189811 0.40746380
0.95176938 0.40592401
0.95164065 0.40786655
0.95151191 0.40979301
0.95138318 0.41197534
0.95129827 0.41113056
0.95121063 0.41294161
0.95108463 0.41468123
0.95099699 0.41407603
0.95087099 0.41513169
0.95078335 0.41600971
0.95069844 0.41777392
0.95056971 0.41708851
0.95044098 0.41860002
0.95031224 0.42046812
0.95018351 0.42178473
0.95009860 0.42304288
0.94996987 0.42404848
0.94984114 0.42470470
0.94975623 0.42621808
0.94967132 0.42726583
0.94958641 0.42663822
0.94949877 0.42956112
0.94941386 0.42929009
0.94928513 0.43075145
0.94915640 0.43294107
0.94903040 0.43313163
0.94890167 0.43382460
0.94877294 0.43370376
0.94864421 0.43628687
0.94851548 0.43712627
0.94838674 0.43966946
0.94825801 0.44087988
0.94817310 0.43970980
0.94804437 0.44139997
0.94795946 0.44220433
0.94787455 0.44292337
0.94774582 0.44428744
0.94766091 0.44540858
0.94757327 0.44405177
0.94744454 0.44657590
0.94735963 0.44729412
0.94723090 0.44939172
0.94714599 0.45071287
0.94701726 0.45171896
0.94688852 0.45349809
0.94676253 0.45388622
0.94663380 0.45518520
0.94654615 0.45531313
0.94641742 0.45814203
0.94629143 0.45918621
0.94620378 0.45936779
0.94607505 0.45989252
0.94594906 0.46349323
0.94582032 0.46178482
0.94569159 0.46235530
0.94556286 0.46591421
0.94547795 0.46366394
0.94534922 0.46550011
0.94522049 0.46820810
0.94513558 0.47060525
0.94500685 0.47040995
0.94487812 0.47012979
0.94479321 0.47106751
0.94466448 0.47304013
0.94453574 0.47458020
0.94445084 0.47430614
0.94432210 0.47566056
0.94419337 0.47927402
0.94406464 0.47772830
0.94397973 0.48158638
0.94385100 0.47984025
0.94372227 0.48292716
0.94359354 0.48472624
0.94350863 0.48562272
0.94337990 0.48517893
0.94325116 0.48730826
0.94316626 0.48899755
0.94303752 0.49014771
0.94290879 0.49273759
0.94282388 0.49201560
0.94269515 0.49284922
0.94261024 0.49381332
0.94248151 0.49544699
0.94239660 0.49462499
0.94226787 0.49531159
0.94218296 0.50060722
0.94205423 0.50012336
0.94196932 0.50011675
0.94184059 0.50104837
0.94175294 0.50283230
0.94162421 0.50384790
0.94153930 0.50526350
0.94141057 0.50735491
0.94128184 0.50869235
0.94115585 0.50860121
0.94102712 0.51140600
0.94089838 0.51086729
0.94081348 0.51184312
0.94068474 0.51377058
0.94055601 0.51426871
0.94047110 0.51501342
0.94034237 0.51730065
0.94021364 0.51712233
0.94012873 0.51886463
0.94000000 0.51996817
0.93991509 0.52203221
0.93978636 0.52329622
0.93965763 0.52422987
0.93956998 0.52576172
0.93944399 0.52826919
0.93931526 0.52881819
0.93918652 0.53050992
0.93910162 0.53168911
0.93897288 0.53080335
0.93884415 0.53229477
0.93871542 0.53255145
0.93863051 0.53560797
0.93850178 0.53614003
0.93837305 0.53663361
0.93828814 0.53769620
0.93815941 0.54090944
0.93803068 0.54077393
0.93790194 0.54120528
0.93777321 0.54541997
0.93764448 0.54379056
0.93751575 0.54824106
0.93738976 0.55035693
0.93726102 0.55037320
0.93713229 0.54971593
0.93704738 0.55296455
0.93695974 0.55232361
0.93683374 0.55407032
0.93674610 0.55469173
0.93661737 0.55599240
0.93648863 0.55613014
0.93636264 0.55776833
0.93623391 0.56203475
0.93610518 0.56081069
0.93602027 0.56212820
0.93589154 0.56325092
0.93580389 0.56542987
0.93567790 0.56594980
0.93559025 0.56514032
0.93550534 0.56537173
0.93537661 0.56983168
0.93524788 0.57034140
0.93516297 0.57088535
0.93503424 0.57317409
0.93490551 0.57402670
0.93482060 0.57593670
0.93469187 0.57606350
0.93456313 0.57673217
0.93443440 0.57809510
0.93434949 0.58096521
0.93422076 0.58076309
0.93413585 0.58048143
0.93405094 0.58241208
0.93396604 0.58340414
0.93387839 0.58517226
0.93374966 0.58572456
0.93362366 0.58529478
0.93349493 0.58973508
0.93336620 0.58813679
0.93323747 0.59204190
0.93310874 0.59258514
0.93298001 0.59379112
0.93285127 0.59533197
0.93272254 0.59873108
0.93263763 0.59719127
0.93250890 0.60120619
0.93238017 0.60083383
0.93229526 0.60227149
0.93216653 0.60447225
0.93208162 0.60358744
0.93195289 0.60295606
0.93186798 0.60555725
0.93173925 0.60790867
0.93161052 0.60946812
0.93152561 0.61043203
0.93139688 0.60907733
0.93126815 0.61233208
0.93113941 0.61299270
0.93105451 0.61507353
0.93092577 0.61710211
0.93079704 0.61735886
0.93066831 0.61913569
0.93054232 0.61997145
0.93041359 0.62215012
0.93032594 0.62459887
0.93019995 0.62413443
0.93007121 0.62486083
0.92994248 0.62867813
0.92985757 0.62822583
0.92972884 0.63056109
0.92960011 0.63043582
0.92951520 0.63358941
0.92938647 0.63145226
0.92925774 0.63156971
0.92917283 0.63685441
0.92904410 0.63593154
0.92891537 0.63832422
0.92883046 0.63876654
0.92870173 0.63998260
0.92857299 0.64131205
0.92848809 0.64267902
0.92835935 0.64299934
0.92823062 0.64561658
0.92814571 0.64619427
0.92801698 0.64721878
0.92788825 0.64908417
0.92780334 0.64931271
0.92767461 0.65228349
0.92758696 0.65002491
0.92746097 0.65339067
0.92737332 0.65563898
0.92724733 0.65386871
0.92711860 0.65572391
0.92703095 0.65751685
0.92690496 0.65698842
0.92681731 0.66226273
0.92668858 0.66049813
0.92660367 0.66058140
0.92647494 0.66407620
0.92634621 0.66284910
0.92626130 0.66703223
0.92613257 0.66768834
0.92604766 0.66729435
0.92591893 0.66674787
0.92583402 0.66678502
0.92574911 0.66995984
0.92562038 0.67183219
0.92553547 0.67271543
0.92540674 0.67417123
0.92527801 0.67373739
0.92519036 0.67318997
0.92506437 0.67479064
0.92493563 0.67997701
0.92480690 0.68040353
0.92472199 0.67879284
0.92459326 0.68114495
0.92450835 0.68207152
0.92437962 0.68213508
0.92425089 0.68652386
0.92416324 0.68811926
0.92403725 0.68672742
0.92390852 0.68903881
0.92382361 0.69055238
0.92369488 0.69133125
0.92356615 0.69267559
0.92343741 0.69242820
0.92330868 0.69364376
0.92322377 0.69517093
0.92309504 0.69770511
0.92296631 0.69812039
0.92283758 0.69997508
0.92275267 0.70240516
0.92262394 0.70284970
0.92249521 0.70187768
0.92236647 0.70619410
0.92223774 0.70855098
0.92215283 0.70940456
0.92202410 0.71054802
0.92189537 0.71178902
0.92176664 0.71258548
0.92164065 0.71542366
0.92151191 0.71788259
0.92142427 0.71706178
0.92129827 0.71998099
0.92121063 0.72032629
0.92108190 0.72037608
0.92099699 0.72134770
0.92086826 0.72371370
0.92073952 0.72525184
0.92061353 0.72547590
0.92052588 0.72956430
0.92039715 0.73071761
0.92031224 0.73046229
0.92018351 0.73095382
0.92009860 0.73280258
0.91996987 0.73279773
0.91984114 0.73277031
0.91975623 0.73373929
0.91962750 0.73797026
0.91949877 0.73738634
0.91941386 0.74062970
0.91928513 0.74200505
0.91920022 0.74086299
0.91907149 0.74578835
0.91898658 0.74541173
0.91885785 0.74839912
0.91877294 0.74894527
0.91864421 0.74797003
0.91855930 0.74818597
0.91847165 0.74980236
0.91838674 0.75101564
0.91825801 0.75059539
0.91817310 0.75339803
0.91804437 0.75385473
0.91791564 0.75760233
0.91778691 0.75934751
0.91765818 0.75986305
0.91753218 0.75993107
0.91740345 0.76440239
0.91727472 0.76349354
0.91714599 0.76562602
0.91706108 0.76607942
0.91693235 0.76833831
0.91684744 0.76912079
0.91671871 0.76996364
0.91663106 0.77291446
0.91650507 0.77239653
0.91641742 0.77331062
0.91629143 0.77586092
0.91616270 0.77554989
0.91603396 0.77681000
0.91590523 0.78090476
0.91582032 0.78202162
0.91569159 0.78232302
0.91556286 0.78229529
0.91547795 0.78332183
0.91534922 0.78736820
0.91526431 0.78674948
0.91513558 0.79060752
0.91500685 0.78977890
0.91487812 0.78939133
0.91479321 0.79315827
0.91462065 0.79680331
0.91449192 0.79767704
0.91436319 0.79785599
0.91423720 0.80079992
0.91414955 0.80097699
0.91402082 0.80133448
0.91389208 0.80473709
0.91380718 0.80445336
0.91367844 0.80687715
0.91359354 0.80939873
0.91346480 0.80794928
0.91333607 0.80878275
0.91320734 0.81159239
0.91312243 0.81326946
0.91299370 0.81483252
0.91286497 0.81626090
0.91278006 0.81551405
0.91265133 0.81748608
0.91256642 0.82057756
0.91243769 0.82043945
0.91235278 0.82070586
0.91222405 0.82381600
0.91209532 0.82345393
0.91201041 0.82611086
0.91192550 0.82800017
0.91179677 0.82956624
0.91171186 0.82884119
0.91158313 0.82993024
0.91149548 0.83317804
0.91136949 0.83488647
0.91128184 0.83675612
0.91115311 0.83770949
0.91106820 0.83798114
0.91093947 0.84063775
0.91081074 0.84047433
0.91072583 0.84138523
0.91059710 0.84331889
0.91051219 0.84686914
0.91038346 0.84648174
0.91025472 0.84764072
0.91012873 0.84798424
0.91000000 0.84983380
0.90987127 0.85142271
0.90974254 0.85495036
0.90965763 0.85432823
0.90952890 0.85710433
0.90940016 0.85758462
0.90931526 0.85875219
0.90918652 0.85922465
0.90905779 0.86369868
0.90897288 0.86090836
0.90884415 0.86565568
0.90875924 0.86352635
0.90863051 0.86957078
0.90850178 0.87007826
0.90841413 0.86939338
0.90828814 0.87057096
0.90815941 0.87198290
0.90803068 0.87529289
0.90794577 0.87664219
0.90781704 0.87846784
0.90768830 0.88027070
0.90760340 0.88015871
0.90747466 0.88348018
0.90734593 0.88342896
0.90721720 0.88465212
0.90713229 0.88740683
0.90700356 0.88948836
0.90687483 0.88869553
0.90670227 0.89277697
0.90657628 0.89357102
0.90644755 0.89643497
0.90631882 0.89643349
0.90623391 0.89932484
0.90610518 0.89975950
0.90597644 0.90248776
0.90589154 0.90299506
0.90576280 0.90561860
0.90567516 0.90739494
0.90554916 0.90745360
0.90542043 0.90938032
0.90533279 0.91155483
0.90520679 0.91203419
0.90507806 0.91580000
0.90494933 0.91549975
0.90486442 0.91587204
0.90473569 0.91796585
0.90464804 0.91996044
0.90452205 0.92025339
0.90443440 0.92200349
0.90430567 0.92303178
0.90417968 0.92279242
0.90409203 0.92677883
0.90396604 0.92910075
0.90383730 0.92860674
0.90374966 0.93087123
0.90362093 0.93240651
0.90349493 0.93463038
0.90340729 0.93498241
0.90327855 0.93657543
0.90315256 0.93999272
0.90306491 0.93852967
0.90298001 0.94098571
0.90289510 0.94029255
0.90281019 0.94151658
0.90272254 0.94289970
0.90259381 0.94512414
0.90246782 0.94567030
0.90238017 0.94725141
0.90225144 0.94929744
0.90212545 0.95311399
0.90199671 0.95245494
0.90186798 0.95439612
0.90178307 0.95481445
0.90165434 0.95774153
0.90152561 0.96001981
0.90144070 0.96159324
0.90131197 0.96284716
0.90122706 0.96206458
0.90109833 0.96245703
0.90096960 0.96574115
0.90088195 0.96705250
0.90075596 0.96700553
0.90062723 0.96958887
0.90054232 0.97057862
0.90041359 0.97260924
0.90028485 0.97752885
0.90015612 0.97666861
0.90002739 0.97836659
0.89994248 0.97834779
0.89981375 0.97737742
0.89972884 0.98245096
0.89960011 0.98294225
0.89947138 0.98653339
0.89934265 0.98531983
0.89921391 0.98724979
0.89908518 0.98972253
0.89895645 0.99373632
0.89882772 0.99509154
0.89870173 0.99533372
0.89857299 0.99780374
0.89848809 1.00143718
0.89835935 1.00179261
0.89823062 1.00391586
0.89814297 1.00397194
0.89801698 1.00575266
0.89792933 1.00533916
0.89780060 1.00609692
0.89771569 1.00908843
0.89758696 1.01108429
0.89746097 1.01253290
0.89733224 1.01501863
0.89720351 1.01581826
0.89707477 1.01902805
0.89698987 1.02008908
0.89686113 1.02174457
0.89673240 1.02343616
0.89660367 1.02422654
0.89651876 1.02699975
0.89639003 1.02754045
0.89630512 1.02872415
0.89621747 1.02998499
0.89608874 1.03036397
0.89600383 1.03361787
0.89587510 1.03341815
0.89579019 1.03319583
0.89566146 1.03311319
0.89553273 1.03426657
0.89544782 1.03437328
0.89531909 1.03761742
0.89523418 1.03828672
0.89514927 1.03834177
0.89506163 1.03870064
0.89493563 1.04182156
0.89484799 1.04257460
0.89471925 1.04553020
0.89459326 1.04668348
0.89446453 1.04811078
0.89433580 1.04961067
0.89420707 1.05026293
0.89412216 1.05188656
0.89399343 1.05337792
0.89386469 1.05664277
0.89377979 1.05841839
0.89365105 1.06190062
0.89356615 1.06145672
0.89343741 1.06273398
0.89334977 1.06347607
0.89322377 1.06574804
0.89309504 1.06835157
0.89301013 1.06890640
0.89288140 1.06912421
0.89275267 1.07263754
0.89266502 1.07307173
0.89253903 1.07518001
0.89241030 1.07461678
0.89228157 1.07928599
0.89219666 1.08165347
0.89206793 1.08197097
0.89193919 1.08525314
0.89181046 1.08738353
0.89168173 1.08827524
0.89155300 1.09047002
0.89146809 1.09495301
0.89133936 1.09867495
0.89121063 1.09891660
0.89108190 1.10086836
0.89095590 1.10563891
0.89086826 1.10657058
0.89073952 1.11031723
0.89061079 1.11253526
0.89052588 1.11374561
0.89039715 1.11689335
0.89031224 1.11931725
0.89018351 1.12154731
0.89005478 1.12091989
0.88992605 1.12352692
0.88980005 1.12521369
0.88971241 1.12954261
0.88958368 1.13241608
0.88949877 1.13378271
0.88937004 1.13764991
0.88928513 1.14023583
0.88915640 1.14096397
0.88902766 1.14149582
0.88894276 1.14423275
0.88881402 1.14581648
0.88868529 1.15095610
0.88860038 1.15329910
0.88847165 1.15614336
0.88834292 1.15636037
0.88825801 1.15954338
0.88812928 1.16048511
0.88804437 1.16402230
0.88791564 1.16528214
0.88783073 1.16657741
0.88770200 1.16867749
0.88761709 1.17200186
0.88748836 1.17544873
0.88740345 1.17735108
0.88727472 1.17851364
0.88718981 1.18123396
0.88710216 1.18327628
0.88701726 1.18522767
0.88688852 1.18566410
0.88675979 1.18830199
0.88663106 1.19382831
0.88650233 1.19663068
0.88637634 1.19826315
0.88624760 1.20078893
0.88611887 1.20375537
0.88599014 1.20614203
0.88590523 1.20968025
0.88577650 1.21189177
0.88564777 1.21507183
0.88556286 1.21674900
0.88543413 1.21826428
0.88534922 1.22019375
0.88522049 1.22427461
0.88509176 1.22569410
0.88496302 1.22972228
0.88487812 1.23121589
0.88474938 1.23384040
0.88466448 1.23707446
0.88453574 1.23807197
0.88440701 1.23939418
0.88432210 1.24223635
0.88419337 1.24294374
0.88406464 1.24511657
0.88393591 1.24938951
0.88380718 1.25333633
0.88367844 1.25662520
0.88359354 1.25987451
0.88346480 1.26084541
0.88333607 1.26491813
0.88320734 1.26971092
0.88308135 1.27007792
0.88295262 1.27499828
0.88282388 1.27632651
0.88273898 1.28024103
0.88261024 1.28509297
0.88252260 1.28566450
0.88239386 1.28552020
0.88230896 1.28809872
0.88218022 1.29026677
0.88205423 1.29478659
0.88192550 1.29741390
0.88179677 1.29878730
0.88166804 1.30380378
0.88158313 1.30684620
0.88145440 1.30749045
0.88136675 1.31065002
0.88124076 1.31265780
0.88115311 1.31563612
0.88102712 1.31667842
0.88093947 1.31919509
0.88081074 1.31991591
0.88072583 1.32521218
0.88059710 1.32721921
0.88046836 1.32804629
0.88038346 1.33283630
0.88025472 1.33476220
0.88016982 1.33666778
0.88004108 1.33716946
0.87995618 1.34228673
0.87982744 1.34453348
0.87974254 1.34537369
0.87965489 1.34965077
0.87956998 1.34826338
0.87948507 1.35045328
0.87935634 1.35479450
0.87922761 1.35769107
0.87909888 1.35996210
0.87897015 1.36323023
0.87884415 1.36618579
0.87871542 1.36653109
0.87858669 1.37143986
0.87845796 1.37616776
0.87837305 1.37791427
0.87824432 1.38022277
0.87811558 1.38204287
0.87803068 1.38383823
0.87790194 1.38767200
0.87781704 1.38961686
0.87772939 1.39013761
0.87760066 1.39533799
0.87747466 1.39634162
0.87734593 1.40096623
0.87725829 1.40261027
0.87713229 1.40316817
0.87700356 1.40823389
0.87691591 1.41109397
0.87678992 1.41304664
0.87666119 1.41560285
0.87653246 1.41702001
0.87640373 1.42079157
0.87627499 1.42475518
0.87619008 1.42788739
0.87606135 1.42913004
0.87593262 1.43380610
0.87580389 1.43483997
0.87567516 1.43448603
0.87554916 1.42326041
0.87542043 1.41911884
0.87533279 1.41698936
0.87520679 1.41254670
0.87511915 1.40864582
0.87499041 1.40779545
0.87486168 1.40761691
0.87473569 1.40731418
0.87464804 1.40715888
0.87452205 1.40892031
0.87439332 1.41057679
0.87426459 1.40974078
0.87417968 1.41096037
0.87405094 1.41317253
0.87396330 1.41395873
0.87387839 1.41745412
0.87374966 1.41714541
0.87366475 1.41757852
0.87353602 1.42081549
0.87340729 1.42273893
0.87332238 1.42523965
0.87319365 1.42965788
0.87306491 1.43107997
0.87293618 1.43379200
0.87280745 1.43509889
0.87272254 1.43919308
0.87259381 1.44177440
0.87250890 1.44504740
0.87238017 1.44657977
0.87229526 1.45022189
0.87216653 1.45106208
0.87208162 1.45291508
0.87199671 1.45661933
0.87186798 1.45912437
0.87178033 1.45990328
0.87165434 1.46314495
0.87156669 1.46519022
0.87148179 1.46855640
0.87135305 1.47004030
0.87126815 1.47080075
0.87113941 1.47434710
0.87101068 1.47760068
0.87088195 1.47999261
0.87075322 1.48420433
0.87062723 1.48465085
0.87049849 1.48804292
0.87036976 1.49062358
0.87024103 1.49085798
0.87015612 1.49447904
0.87002739 1.49425795
0.86989866 1.49299959
0.86981375 1.49435277
0.86968502 1.49423105
0.86960011 1.49322581
0.86947138 1.49279883
0.86934265 1.49012831
0.86925774 1.47438557
0.86912901 1.42699927
0.86904136 1.43631639
0.86891537 1.43689587
0.86878663 1.44044359
0.86869899 1.44146890
0.86857299 1.44446620
0.86844426 1.44723104
0.86831553 1.44901635
0.86818680 1.45206318
0.86805807 1.45451354
0.86797316 1.45495964
0.86784443 1.45906739
0.86771569 1.45999192
0.86758696 1.46209233
0.86750205 1.46497452
0.86737332 1.46653520
0.86724459 1.46892404
0.86715968 1.46995586
0.86703095 1.47412794
0.86690222 1.47720839
0.86681731 1.47964060
0.86668858 1.48051092
0.86655985 1.48290253
0.86643111 1.48550565
0.86630512 1.48845933
0.86617639 1.49173985
0.86604766 1.49441811
0.86591893 1.49853822
0.86583402 1.49930348
0.86570529 1.50043099
0.86561764 1.50336849
0.86553273 1.50520032
0.86540400 1.50710387
0.86531909 1.50686412
0.86519036 1.51038498
0.86510545 1.51347977
0.86497672 1.51426476
0.86489181 1.51622815
0.86476308 1.51808594
0.86467817 1.52309915
0.86454944 1.52251229
0.86446453 1.52756610
0.86433580 1.52710567
0.86424815 1.52912481
0.86416324 1.53188941
0.86403451 1.53547886
0.86390578 1.53781127
0.86377979 1.53872278
0.86365105 1.54350147
0.86352232 1.54665659
0.86339359 1.54894337
0.86326486 1.54876178
0.86317995 1.55200034
0.86305122 1.55562448
0.86292249 1.55621701
0.86279376 1.55950811
0.86270885 1.56042560
0.86258012 1.56253867
0.86249521 1.56578011
0.86236647 1.56911018
0.86228157 1.57114586
0.86215283 1.57155910
0.86202410 1.57346467
0.86193919 1.57757565
0.86181046 1.57917004
0.86172555 1.58185069
0.86159682 1.58303581
0.86146809 1.58491703
0.86138318 1.58927025
0.86125445 1.59190259
0.86112572 1.59506857
0.86099699 1.59817728
0.86091208 1.60103604
0.86078335 1.60284943
0.86065462 1.60544945
0.86052588 1.60996025
0.86035607 1.61090733
0.86022733 1.61421420
0.86013969 1.61775885
0.86001369 1.62098462
0.85988496 1.62298225
0.85979732 1.62275362
0.85967132 1.62722693
0.85958368 1.62719441
0.85949877 1.63086639
0.85937004 1.63206093
0.85924130 1.63428662
0.85911531 1.63627822
0.85902766 1.63982262
0.85889893 1.64499926
0.85877294 1.64594326
0.85864421 1.64818602
0.85855656 1.64986191
0.85842783 1.65222958
0.85834292 1.65299851
0.85821419 1.65877143
0.85808820 1.65944597
0.85800055 1.66100029
0.85787182 1.66332940
0.85778691 1.66522443
0.85765818 1.66646650
0.85752944 1.66791122
0.85740071 1.67541958
0.85731580 1.67519064
0.85718707 1.67442805
0.85710216 1.67732821
0.85697343 1.67835010
0.85688852 1.68110210
0.85680362 1.68389550
0.85671871 1.68464522
0.85663106 1.68645280
0.85650233 1.68895545
0.85641742 1.69113815
0.85628869 1.69377921
0.85615996 1.69595791
0.85607505 1.69757958
0.85599014 1.70006777
0.85586141 1.70245428
0.85573268 1.70511256
0.85564777 1.70744514
0.85551904 1.71166001
0.85539030 1.71425975
0.85526157 1.71647445
0.85513284 1.72151691
0.85500411 1.72419756
0.85487812 1.72487905
0.85474938 1.72961758
0.85462065 1.73069022
0.85453574 1.73388917
0.85440701 1.73518407
0.85431936 1.73857147
0.85419337 1.73932663
0.85410572 1.74332653
0.85397699 1.74446565
0.85385100 1.74819711
0.85376335 1.75135762
0.85363462 1.75349182
0.85350863 1.75551242
0.85342098 1.75840591
0.85329225 1.76006409
0.85316626 1.76321151
0.85303752 1.76712557
0.85294988 1.77090076
0.85282388 1.77279139
0.85269515 1.77652811
0.85256642 1.77905903
0.85243769 1.78086507
0.85235278 1.78405693
0.85222405 1.78666900
0.85209532 1.78966992
0.85196658 1.79441633
0.85183785 1.79431912
0.85170912 1.79877107
0.85158039 1.80115598
0.85145440 1.80520788
0.85136675 1.80682293
0.85123802 1.80911507
0.85111202 1.81212128
0.85098329 1.81431447
0.85085456 1.81862636
0.85076965 1.81994571
0.85064092 1.82324817
0.85051219 1.82584798
0.85042728 1.82796468
0.85029855 1.83095187
0.85021090 1.83436001
0.85008491 1.83517818
0.84999726 1.83640514
0.84986853 1.83899363
0.84978362 1.84286302
0.84965489 1.84515830
0.84952890 1.84752813
0.84944125 1.85066751
0.84931252 1.85344600
0.84918379 1.85576583
0.84909888 1.85745958
0.84897015 1.86187896
0.84888524 1.86322493
0.84880033 1.86614420
0.84867160 1.86646419
0.84858669 1.87125355
0.84845796 1.87228627
0.84837305 1.87360937
0.84824432 1.87482145
0.84815941 1.87946883
0.84803068 1.88218251
0.84790194 1.88456980
0.84777321 1.88744095
0.84768830 1.89176581
0.84755957 1.89330596
0.84743084 1.89635434
0.84730211 1.89937403
0.84721720 1.90247728
0.84708847 1.90326054
0.84700356 1.90797432
0.84687483 1.90731776
0.84678718 1.90614523
0.84666119 1.91091631
0.84653246 1.91330137
0.84640373 1.91661883
0.84631882 1.91793337
0.84619008 1.92122840
0.84606135 1.92448088
0.84593262 1.92532111
0.84580389 1.93036782
0.84567516 1.93315441
0.84559025 1.93489401
0.84546152 1.93690570
0.84533279 1.93791562
0.84524788 1.94153155
0.84511915 1.94605357
0.84499041 1.94990471
0.84486168 1.94978705
0.84473295 1.95334651
0.84460696 1.95487624
0.84447823 1.95805434
0.84439058 1.96111303
0.84426459 1.96219255
0.84417694 1.96518099
0.84405094 1.96769332
0.84396330 1.97191413
0.84383457 1.97253683
0.84370583 1.97377941
0.84362093 1.97674325
0.84349219 1.97981717
0.84336346 1.98258010
0.84323747 1.98736638
0.84310874 1.98849521
0.84302109 1.99107005
0.84289510 1.99177754
0.84280745 1.99590690
0.84267872 1.99675826
0.84259381 1.99977075
0.84246508 2.00139176
0.84233635 2.00409914
0.84225144 2.00757038
0.84212271 2.01137640
0.84199671 2.01244393
0.84186798 2.01520965
0.84173925 2.01579519
0.84165434 2.02199143
0.84152561 2.01960658
0.84143796 2.02385623
0.84130923 2.02562165
0.84122432 2.03055625
0.84109559 2.03302759
0.84096960 2.03479727
0.84088195 2.03773055
0.84075322 2.04008966
0.84062449 2.04373180
0.84053958 2.04465119
0.84045467 2.04381315
0.84036976 2.04731290
0.84024103 2.04709536
0.84015612 2.05017522
0.84002739 2.05377848
0.83993974 2.05698041
0.83981375 2.05896271
0.83968502 2.06186340
0.83955629 2.06297350
0.83942755 2.06709966
0.83929882 2.07151921
0.83921391 2.07057627
0.83908518 2.07768719
0.83895645 2.07468251
0.83882772 2.07856370
0.83874281 2.08075084
0.83861408 2.08489021
0.83852917 2.08746639
0.83840044 2.08769371
0.83827171 2.09016642
0.83818680 2.09211106
0.83805807 2.09445910
0.83792933 2.09970111
0.83780060 2.10106176
0.83767187 2.10366702
0.83758696 2.10574540
0.83745823 2.10954605
0.83732950 2.11208029
0.83720077 2.11158464
0.83707477 2.11684542
0.83698713 2.12045180
0.83685839 2.12202571
0.83673240 2.12761053
0.83660367 2.12771365
0.83651602 2.13073589
0.83639003 2.13153523
0.83630238 2.13173534
0.83617639 2.13562776
0.83604766 2.13966212
0.83591893 2.14156510
0.83583128 2.14443970
0.83570529 2.14848463
0.83557655 2.15022142
0.83549165 2.15116293
0.83536291 2.15426319
0.83523418 2.15620957
0.83510545 2.16061060
0.83502054 2.16150935
0.83489181 2.16443543
0.83476308 2.16741505
0.83467817 2.16953278
0.83454944 2.17294689
0.83446179 2.17498131
0.83433580 2.17544335
0.83424815 2.17716345
0.83416324 2.17820902
0.83403451 2.17986868
0.83394960 2.18330424
0.83386469 2.18562217
0.83373596 2.18711643
0.83365105 2.19020263
0.83352232 2.19210408
0.83343468 2.19408576
0.83330868 2.19860655
0.83322104 2.20114494
0.83309230 2.20432931
0.83300740 2.20515915
0.83287866 2.20819226
0.83279376 2.21025245
0.83266502 2.21339943
0.83253629 2.21782361
0.83240756 2.22168886
0.83228157 2.22384721
0.83215283 2.22801596
0.83202410 2.22883328
0.83193919 2.23217295
0.83181046 2.23381804
0.83172555 2.23526105
0.83159682 2.23865733
0.83146809 2.23975720
0.83138044 2.24200622
0.83125445 2.24635761
0.83116680 2.24679958
0.83104081 2.25125754
0.83091208 2.25517730
0.83078335 2.25688379
0.83065462 2.26068591
0.83056971 2.26358873
0.83044098 2.26633062
0.83031224 2.26900373
0.83018351 2.27147929
0.83005478 2.27472678
0.82992605 2.27585840
0.82984114 2.27832297
0.82971241 2.28252324
0.82958368 2.28565837
0.82945494 2.29066212
0.82932621 2.29389640
0.82920022 2.29758411
0.82907149 2.30099892
0.82894276 2.30436517
0.82881402 2.30532050
0.82872912 2.30928745
0.82860038 2.31112810
0.82851548 2.31419336
0.82838674 2.31528837
0.82829910 2.31721490
0.82817310 2.31836399
0.82808546 2.32322474
0.82795672 2.32534523
0.82778691 2.33119623
0.82765818 2.33350373
0.82757327 2.33800231
0.82744454 2.34258535
0.82731580 2.34304522
0.82723090 2.34346009
0.82714599 2.34736736
0.82705834 2.34526785
0.82692961 2.34898875
0.82684470 2.35115835
0.82671597 2.35257479
0.82663106 2.35801766
0.82650233 2.35928397
0.82637360 2.36376909
0.82624486 2.36597186
0.82615996 2.36921034
0.82603122 2.37185002
0.82594632 2.37373782
0.82581758 2.37600496
0.82568885 2.37980205
0.82560394 2.38249718
0.82547521 2.38118185
0.82539030 2.38733417
0.82526157 2.39013637
0.82517666 2.39145398
0.82509176 2.39252867
0.82500411 2.39381749
0.82491920 2.39524869
0.82479047 2.39715172
0.82470556 2.40217880
0.82457683 2.40504308
0.82444810 2.40977149
0.82431936 2.41315184
0.82414955 2.41843656
0.82402082 2.41992971
0.82393591 2.42412833
0.82380718 2.42686470
0.82367844 2.43046789
0.82354971 2.43384115
0.82342098 2.43693751
0.82333607 2.43800418
0.82320734 2.44065516
0.82307861 2.44433368
0.82299370 2.44694487
0.82286497 2.45093040
0.82273624 2.45317424
0.82265133 2.45275982
0.82256642 2.45587237
0.82243769 2.45859125
0.82235278 2.46072169
0.82226513 2.46020423
0.82213640 2.46475420
0.82205149 2.46554028
0.82192276 2.46765803
0.82179403 2.47194958
0.82170912 2.47349272
0.82158039 2.48004328
0.82145440 2.48225929
0.82132566 2.48667311
0.82119693 2.48785275
0.82106820 2.49200925
0.82093947 2.49455519
0.82085456 2.49701230
0.82072583 2.50160770
0.82064092 2.50321212
0.82051219 2.50433392
0.82038346 2.50644687
0.82029855 2.51269263
0.82016982 2.51537288
0.82004108 2.51644479
0.81991235 2.52162108
0.81978362 2.52493434
0.81965489 2.52856106
0.81952616 2.53296962
0.81939743 2.53913000
0.81927143 2.54076697
0.81914270 2.54309058
0.81905779 2.54876040
0.81892906 2.55119564
0.81884141 2.55254099
0.81875651 2.55544588
0.81862777 2.55509758
0.81854286 2.56024751
0.81841413 2.55980476
0.81832922 2.56415071
0.81820049 2.56591242
0.81811558 2.56861279
0.81798685 2.57033971
0.81790194 2.57114169
0.81777321 2.57556581
0.81768557 2.57920314
0.81755957 2.58201741
0.81747193 2.58540593
0.81734319 2.58660087
0.81725829 2.58978962
0.81712955 2.59486737
0.81700356 2.59646903
0.81687483 2.60174403
0.81674610 2.60566314
0.81665845 2.60847161
0.81653246 2.61105009
0.81640373 2.61469904
0.81631608 2.61815848
0.81619008 2.62016744
0.81606135 2.62231348
0.81597371 2.62685001
0.81584771 2.62996919
0.81571898 2.63505041
0.81559025 2.63586019
0.81550534 2.63836313
0.81537661 2.64122300
0.81524788 2.64448800
0.81516297 2.64788752
0.81503424 2.65292766
0.81490551 2.65408598
0.81477677 2.65726006
0.81469187 2.66281842
0.81456313 2.66386789
0.81443440 2.66697222
0.81434949 2.67018589
0.81422076 2.66957759
0.81413585 2.67647361
0.81400712 2.67926808
0.81387839 2.68117747
0.81374966 2.68641575
0.81362093 2.68943284
0.81349219 2.68994410
0.81336346 2.69684546
0.81323473 2.69958675
0.81310874 2.70557683
0.81298001 2.70508872
0.81289236 2.71012154
0.81276637 2.71268193
0.81263763 2.71659280
0.81255273 2.71695267
0.81242399 2.72092133
0.81233635 2.72409759
0.81220761 2.72710863
0.81208162 2.73179250
0.81195289 2.73442974
0.81182416 2.73635658
0.81173925 2.73740292
0.81161052 2.73958707
0.81152287 2.74173024
0.81143796 2.74264288
0.81130923 2.74583884
0.81122432 2.74817511
0.81109559 2.75148836
0.81101068 2.75438628
0.81088195 2.75720737
0.81075322 2.76059688
0.81066831 2.76132737
0.81053958 2.76485412
0.81045467 2.76703339
0.81032594 2.77161695
0.81019721 2.77236769
0.81011230 2.77660268
0.81002739 2.77868665
0.80989866 2.78180367
0.80976993 2.78393415
0.80968502 2.78659815
0.80959737 2.78980751
0.80951246 2.78928352
0.80942755 2.79153607
0.80929882 2.79498517
0.80921391 2.79744786
0.80908518 2.80011514
0.80891263 2.80687096
0.80878389 2.81275886
0.80865790 2.81648806
0.80852917 2.81898479
0.80844426 2.82221456
0.80831553 2.82630046
0.80818680 2.82912422
0.80809915 2.82974797
0.80797316 2.83494875
0.80784443 2.83598156
0.80775678 2.83885364
0.80763079 2.84238163
0.80754314 2.84586545
0.80741715 2.84848777
0.80728841 2.85185768
0.80715968 2.85485720
0.80707204 2.86066405
0.80694604 2.86295908
0.80681731 2.86590905
0.80668858 2.86738216
0.80660367 2.87430696
0.80647494 2.87647627
0.80634621 2.88001452
0.80626130 2.88150891
0.80613257 2.88682938
0.80600383 2.88923186
0.80587510 2.89496374
0.80574637 2.89719935
0.80566146 2.90310549
0.80548891 2.90853593
0.80536018 2.91437230
0.80523418 2.92088080
0.80510545 2.92516127
0.80497672 2.93000560
0.80484799 2.93570277
0.80476308 2.93999387
0.80463435 2.94475452
0.80454944 2.94630989
0.80442071 2.94995115
0.80433306 2.95208657
0.80420707 2.95640568
0.80407833 2.95989233
0.80399343 2.96606727
0.80386469 2.97031277
0.80373596 2.97366402
0.80360723 2.97744722
0.80352232 2.98261227
0.80339359 2.98667491
0.80330594 2.98865843
0.80317995 2.99249937
0.80305122 2.99678128
0.80296357 3.00090045
0.80283758 3.00332771
0.80274993 3.00632379
0.80262394 3.01025698
0.80253629 3.01333654
0.80240756 3.01728980
0.80232265 3.02178016
0.80219392 3.02422388
0.80210901 3.02861388
0.80198028 3.03083946
0.80189537 3.03542389
0.80176664 3.03868212
0.80168173 3.04205961
0.80159408 3.04540627
0.80146809 3.04787315
0.80138044 3.04918262
0.80125171 3.05178153
0.80112572 3.05794267
0.80103807 3.06360727
0.80090934 3.06838706
0.80078335 3.07305141
0.80065462 3.08137200
0.80052588 3.08161536
0.80039715 3.08789859
0.80026842 3.09076139
0.80018351 3.09441338
0.80005478 3.09784910
0.79992605 3.10131623
0.79984114 3.10529841
0.79971241 3.10897867
0.79962750 3.11329186
0.79949877 3.11591180
0.79941386 3.11815979
0.79928513 3.12451190
0.79915640 3.12462219
0.79907149 3.13340064
0.79894276 3.13418780
0.79881402 3.13702308
0.79872912 3.14290634
0.79860038 3.14733062
0.79847165 3.14995997
0.79838674 3.15390246
0.79825801 3.15954829
0.79812928 3.16353646
0.79804437 3.16619154
0.79791564 3.17309676
0.79778691 3.17507378
0.79765818 3.17989687
0.79752944 3.18634661
0.79740071 3.19183677
0.79727198 3.19443393
0.79714325 3.20095583
0.79701726 3.20559226
0.79692961 3.20976322
0.79680088 3.21361781
0.79667488 3.21969426
0.79654615 3.22322041
0.79646124 3.22566738
0.79633251 3.23169526
0.79620378 3.23367637
0.79607505 3.23771768
0.79599014 3.24120790
0.79586141 3.24647511
0.79577376 3.24748240
0.79568885 3.24886449
0.79556012 3.25178900
0.79547521 3.25554787
0.79534648 3.25729451
0.79526157 3.26270782
0.79513284 3.26668646
0.79500411 3.27057924
0.79491920 3.27396943
0.79479047 3.27665234
0.79470556 3.28109873
0.79457683 3.28338363
0.79449192 3.28898290
0.79436319 3.29121372
0.79427828 3.29369673
0.79414955 3.29809219
0.79406464 3.30082652
0.79397699 3.30322458
0.79389208 3.30429128
0.79376335 3.30423520
0.79367844 3.30810805
0.79354971 3.31576995
0.79342098 3.31744172
0.79329225 3.32453560
0.79312243 3.33124716
0.79299370 3.33756504
0.79286497 3.34007314
0.79273624 3.34527359
0.79265133 3.34958927
0.79252260 3.35424926
0.79239386 3.35669427
0.79230896 3.36118127
0.79218022 3.36489876
0.79205149 3.36624730
0.79196658 3.37189528
0.79183785 3.37509159
0.79175294 3.38084036
0.79162421 3.38294143
0.79153930 3.38773085
0.79141057 3.39088995
0.79132293 3.39441795
0.79119693 3.39931832
0.79106820 3.40167257
0.79093947 3.40563432
0.79085456 3.41103660
0.79072583 3.41526024
0.79059710 3.41886246
0.79046836 3.42549112
0.79033963 3.42946451
0.79025472 3.43535009
0.79012599 3.44023684
0.78999726 3.44385722
0.78986853 3.44885674
0.78973980 3.45227423
0.78961380 3.45972004
0.78952616 3.46143811
0.78939743 3.46495473
0.78926869 3.47182196
0.78914270 3.47081015
0.78905505 3.47630829
0.78892906 3.47941298
0.78880033 3.48414073
0.78867160 3.48607129
0.78858395 3.48960611
0.78849904 3.49397003
0.78837031 3.49609741
0.78828540 3.49836690
0.78820049 3.49969597
0.78807176 3.50171176
0.78798685 3.50493196
0.78790194 3.50811278
0.78777321 3.51417931
0.78764448 3.51908577
0.78751575 3.52333440
0.78738702 3.52907338
0.78725829 3.53419304
0.78712955 3.53699656
0.78704465 3.54223298
0.78691591 3.54466778
0.78683101 3.54824380
0.78670227 3.54967433
0.78661737 3.55279250
0.78652972 3.55400898
0.78640373 3.55706846
0.78631608 3.56270862
0.78618735 3.56398740
0.78610244 3.56870011
0.78597371 3.57244219
0.78588880 3.57550296
0.78576007 3.57872920
0.78563133 3.58554734
0.78554643 3.58734114
0.78541769 3.59143591
0.78528896 3.59660662
0.78516023 3.60241027
0.78503424 3.60732682
0.78490551 3.61157513
0.78481786 3.61503047
0.78469187 3.61881442
0.78456313 3.62451941
0.78447549 3.62670289
0.78434949 3.63140524
0.78422076 3.63746383
0.78413311 3.64040023
0.78400712 3.64266467
0.78391947 3.64767382
0.78379074 3.65080037
0.78366475 3.65626817
0.78357710 3.65905262
0.78345111 3.66506115
0.78332238 3.66523302
0.78323473 3.67055441
0.78310600 3.67421066
0.78298001 3.67795511
0.78285127 3.68401895
0.78272254 3.68954363
0.78259381 3.69689427
0.78246508 3.70013322
0.78233635 3.70859744
0.78220761 3.71390922
0.78207888 3.71930208
0.78195289 3.72790554
0.78182416 3.73134644
0.78173651 3.73736373
0.78161052 3.73010978
0.78152287 3.72939789
0.78139688 3.73316177
0.78130923 3.73879863
0.78118050 3.74285275
0.78105451 3.74656126
0.78092577 3.75235992
0.78083813 3.75929167
0.78070939 3.76243381
0.78058340 3.76649957
0.78045467 3.77450250
0.78036976 3.77832377
0.78024103 3.78456983
0.78011230 3.78772994
0.78002465 3.79239444
0.77989866 3.79496663
0.77981101 3.79948870
0.77968502 3.80153018
0.77959737 3.80726614
0.77946864 3.80878280
0.77938373 3.81314188
0.77929882 3.81676163
0.77917009 3.82134290
0.77904136 3.82477083
0.77895645 3.82985057
0.77882772 3.83513316
0.77869899 3.83946618
0.77861408 3.84145760
0.77852917 3.84625887
0.77844152 3.84826718
0.77831279 3.84981745
0.77822788 3.85323004
0.77809915 3.85791799
0.77797042 3.86405283
0.77784443 3.87278462
0.77771569 3.87814602
0.77758696 3.88282591
0.77745823 3.88525630
0.77737332 3.89299664
0.77724459 3.89524023
0.77711586 3.90021833
0.77703095 3.90367600
0.77690222 3.90631600
0.77681731 3.91071712
0.77672966 3.91217262
0.77660093 3.91631288
0.77647494 3.92135954
0.77634621 3.92604812
0.77625856 3.93043579
0.77613257 3.93490688
0.77604492 3.93870900
0.77591619 3.94104036
0.77579019 3.94692012
0.77570255 3.95199853
0.77557655 3.95871698
0.77544782 3.96187880
0.77531909 3.96653373
0.77519036 3.97225684
0.77510545 3.97584787
0.77497672 3.97910539
0.77484799 3.98450689
0.77476308 3.98824646
0.77463435 3.99471377
0.77450561 3.99845876
0.77437688 4.00589574
0.77424815 4.00944749
0.77411942 4.01677857
0.77399069 4.02331684
0.77386196 4.02935341
0.77373596 4.03312713
0.77360723 4.03675876
0.77352232 4.04125593
0.77339359 4.04457533
0.77330594 4.04964949
0.77317995 4.05384565
0.77305122 4.05911809
0.77292249 4.06257686
0.77283484 4.06906549
0.77270885 4.07271870
0.77262120 4.07591027
0.77249521 4.07918245
0.77236647 4.08288042
0.77227883 4.08856670
0.77215010 4.09072297
0.77202410 4.09590040
0.77193646 4.10223163
0.77180772 4.10354571
0.77172282 4.11198113
0.77159408 4.11312269
0.77146809 4.11688673
0.77138044 4.12294574
0.77125171 4.12564019
0.77112572 4.13049574
0.77103807 4.13614079
0.77090934 4.13992045
0.77082443 4.14296472
0.77069570 4.14759784
0.77056697 4.15141105
0.77048206 4.15670505
0.77039715 4.15824780
0.77026842 4.16243467
0.77018351 4.16544801
0.77005478 4.17114152
0.76996987 4.17381323
0.76984114 4.17797555
0.76971241 4.18370153
0.76962750 4.18775309
0.76949877 4.19539854
0.76937004 4.20019476
0.76924130 4.20308555
0.76915640 4.21163597
0.76902766 4.21604359
0.76889893 4.22264110
0.76877020 4.22610942
0.76868529 4.23219681
0.76855656 4.23668530
0.76842783 4.24296693
0.76829910 4.24778420
0.76817036 4.25543534
0.76804163 4.26293313
0.76791564 4.26846157
0.76778691 4.27491957
0.76769926 4.28045691
0.76757327 4.28335273
0.76744454 4.28817509
0.76735689 4.29036139
0.76723090 4.29421864
0.76714325 4.29829551
0.76701726 4.30264486
0.76692961 4.30904941
0.76680088 4.31152628
0.76667214 4.31736449
0.76654615 4.32387956
0.76641742 4.32940656
0.76628869 4.33468114
0.76615996 4.33870849
0.76607505 4.34476582
0.76594632 4.34716975
0.76586141 4.35018432
0.76577376 4.35317004
0.76564503 4.35459556
0.76556012 4.35961476
0.76543139 4.36085085
0.76530266 4.36638024
0.76517666 4.37147322
0.76504793 4.38133476
0.76491920 4.38480187
0.76483429 4.39182966
0.76470556 4.39533734
0.76461791 4.39608251
0.76449192 4.39850495
0.76440427 4.39956141
0.76427554 4.40599869
0.76419063 4.40860484
0.76406190 4.41330986
0.76397699 4.41482229
0.76384826 4.41906912
0.76376335 4.42588229
0.76363462 4.43045620
0.76350589 4.43399320
0.76337716 4.44018468
0.76329225 4.44517663
0.76316352 4.45115840
0.76307861 4.45468290
0.76299370 4.45666734
0.76286497 4.45675651
0.76278006 4.45822905
0.76269241 4.45876948
0.76256642 4.46288449
0.76247877 4.46943946
0.76235004 4.47870280
0.76222131 4.48497470
0.76209532 4.49091804
0.76196658 4.49519389
0.76183785 4.50053201
0.76170912 4.50751040
0.76162421 4.51236359
0.76149548 4.51574289
0.76136675 4.51780876
0.76128184 4.52273899
0.76115311 4.52594649
0.76106820 4.52946940
0.76093947 4.53354448
0.76085456 4.53715226
0.76072583 4.54244221
0.76063818 4.54586981
0.76051219 4.55053919
0.76038346 4.55782345
0.76025472 4.56289456
0.76016708 4.56703100
0.76004108 4.56989912
0.75991235 4.57541206
0.75978362 4.58104697
0.75969871 4.58704978
0.75956998 4.59223405
0.75944125 4.59399875
0.75931252 4.59971908
0.75918379 4.60487917
0.75905505 4.61117171
0.75892632 4.61770979
0.75879759 4.62270228
0.75867160 4.63099968
0.75854286 4.63730727
0.75841413 4.64019954
0.75832922 4.64609636
0.75820049 4.64706626
0.75811285 4.65166189
0.75798685 4.65458457
0.75789921 4.65779740
0.75777047 4.66015016
0.75764448 4.66528464
0.75755683 4.67019572
0.75742810 4.67644177
0.75730211 4.68136023
0.75717338 4.68428717
0.75704465 4.68874619
0.75695974 4.69362353
0.75683101 4.69749205
0.75674336 4.69957471
0.75661737 4.70211058
0.75652972 4.70479114
0.75640373 4.70951187
0.75631608 4.71408682
0.75618735 4.71887976
0.75606135 4.72232946
0.75597371 4.72536917
0.75584497 4.73038570
0.75571624 4.73462875
0.75563133 4.74208865
0.75550260 4.74434739
0.75541769 4.74831181
0.75528896 4.74966779
0.75516023 4.75347152
0.75507532 4.75490426
0.75499041 4.76115842
0.75486168 4.76228243
0.75477677 4.76535906
0.75464804 4.76944611
0.75456313 4.77184288
0.75443440 4.77583478
0.75434949 4.77896298
0.75422076 4.78488626
0.75413311 4.78657827
0.75400712 4.78909161
0.75387839 4.79252846
0.75379074 4.79904484
0.75366201 4.80526685
0.75353602 4.80982384
0.75344837 4.81512866
0.75332238 4.81877170
0.75319365 4.82505311
0.75306491 4.82934554
0.75297727 4.83411520
0.75285127 4.83786860
0.75276363 4.83988134
0.75263763 4.84506446
0.75250890 4.85035699
0.75242125 4.85339308
0.75229252 4.85927201
0.75216653 4.86457664
0.75203780 4.87034055
0.75190907 4.87769884
0.75178033 4.88218086
0.75165160 4.88640324
0.75156669 4.88884666
0.75143796 4.89258753
0.75130923 4.89849285
0.75122432 4.90277389
0.75109559 4.90607437
0.75096686 4.91149552
0.75083813 4.91570649
0.75075322 4.92163157
0.75062449 4.92658704
0.75049575 4.93265607
0.75036702 4.93849597
0.75023829 4.94382502
0.75011230 4.94679916
0.75002465 4.94994547
0.74989866 4.95475462
0.74981101 4.95622085
0.74968228 4.96165186
0.74955355 4.96709908
0.74942755 4.97337635
0.74933991 4.97447156
0.74921118 4.98102695
0.74908518 4.98420261
0.74899753 4.98919215
0.74886880 4.99310519
0.74878389 4.99756591
0.74865516 5.00076053
0.74852917 5.00331795
0.74840044 5.01116134
0.74831279 5.01359968
0.74818406 5.01795555
0.74809915 5.02159574
0.74797042 5.02381655
0.74788551 5.02714930
0.74775678 5.03107799
0.74767187 5.03461625
0.74754314 5.03879846
0.74745823 5.04102203
0.74732950 5.04794802
0.74724459 5.04652010
0.74715694 5.04631260
0.74707204 5.04924744
0.74694330 5.05046980
0.74685839 5.06024073
0.74672966 5.06558911
0.74660093 5.07273413
0.74647220 5.07986419
0.74634621 5.08705283
0.74621747 5.09380563
0.74608874 5.09919088
0.74596001 5.10414750
0.74587510 5.11056582
0.74574637 5.11424562
0.74561764 5.11786296
0.74553273 5.12219385
0.74540400 5.12350709
0.74531909 5.12837751
0.74519036 5.12946361
0.74510271 5.13470830
0.74497672 5.13965055
0.74484799 5.14401227
0.74471925 5.15133419
0.74463435 5.15760072
0.74450561 5.16399346
0.74437688 5.16753244
0.74429197 5.17093671
0.74416324 5.17549401
0.74403451 5.17828113
0.74394960 5.18443445
0.74382087 5.18939351
0.74369214 5.19480000
0.74356341 5.20245730
0.74343468 5.20935875
0.74330594 5.21580220
0.74317721 5.22301394
0.74304848 5.22831128
0.74292249 5.23201787
0.74283484 5.23632079
0.74270611 5.23478858
0.74262120 5.23785948
0.74249247 5.24310648
0.74236374 5.24580490
0.74227883 5.25227957
0.74215010 5.25970891
0.74202410 5.26312478
0.74189537 5.26647732
0.74180772 5.26897522
0.74167899 5.27576583
0.74159408 5.27714844
0.74146535 5.28214268
0.74133936 5.28439955
0.74125171 5.29073069
0.74112298 5.29308644
0.74099425 5.29714160
0.74090934 5.30051017
0.74082443 5.30327885
0.74069570 5.30663419
0.74056697 5.31045981
0.74048206 5.31417497
0.74035333 5.31833625
0.74026842 5.32064041
0.74018351 5.32413479
0.74005478 5.32562647
0.73996987 5.33038803
0.73984114 5.33457254
0.73971241 5.34167323
0.73962476 5.34519018
0.73949877 5.34574726
0.73941112 5.34964280
0.73928513 5.35651399
0.73919748 5.36105273
0.73906875 5.36642073
0.73894276 5.37338159
0.73881402 5.38156281
0.73868529 5.38614524
0.73855656 5.39324707
0.73847165 5.39815158
0.73834292 5.40377737
0.73821419 5.40684454
0.73812928 5.40953223
0.73800055 5.41341065
0.73787182 5.41731149
0.73778691 5.42349702
0.73765818 5.42752094
0.73757327 5.43295618
0.73744454 5.43788618
0.73731580 5.43988154
0.73722816 5.44507527
0.73710216 5.44864163
0.73697343 5.45343813
0.73684470 5.45900893
0.73675979 5.46658131
0.73663106 5.46546973
0.73650233 5.47419889
0.73641742 5.47957016
0.73628869 5.48326060
0.73615996 5.48807371
0.73603122 5.49521716
0.73590249 5.49922648
0.73577376 5.50390107
0.73564503 5.51151764
0.73551904 5.51663481
0.73539030 5.52069631
0.73526157 5.52831698
0.73517392 5.53380632
0.73504793 5.53810475
0.73491920 5.54027397
0.73483429 5.54300070
0.73470556 5.54520387
0.73461791 5.54645625
0.73448918 5.54974935
0.73436319 5.55525679
0.73423446 5.56053738
0.73414681 5.56736242
0.73402082 5.57029161
0.73389208 5.57802964
0.73376335 5.58007752
0.73367844 5.58366218
0.73354971 5.58616322
0.73346480 5.58752337
0.73337716 5.58952702
0.73324843 5.59194735
0.73311969 5.59607890
0.73299370 5.60268402
0.73290605 5.60702412
0.73278006 5.60857380
0.73269241 5.61117021
0.73256368 5.61541341
0.73243495 5.61991799
0.73235004 5.62472730
0.73222131 5.62987420
0.73209258 5.63244196
0.73200767 5.63535780
0.73187894 5.63875412
0.73179403 5.63698231
0.73170912 5.63750553
0.73162421 5.63704853
0.73149548 5.64076434
0.73140783 5.64363671
0.73128184 5.64811141
0.73119419 5.65245669
0.73106546 5.65839350
0.73093947 5.66094639
0.73085182 5.66666032
0.73072309 5.66987553
0.73059710 5.67704864
0.73046836 5.68055849
0.73038072 5.68551391
0.73025472 5.69185104
0.73016708 5.69343993
0.73003835 5.69511322
0.72991235 5.69985315
0.72982471 5.70592202
0.72969597 5.71055325
0.72956998 5.71468557
0.72944125 5.72120740
0.72935634 5.72459201
0.72922761 5.73050211
0.72909888 5.73361705
0.72901123 5.73697049
0.72888524 5.74146754
0.72875651 5.74508999
0.72866886 5.74977883
0.72854286 5.75346141
0.72841413 5.75732300
0.72828540 5.76581633
0.72815667 5.77149935
0.72802794 5.77873782
0.72789921 5.78441583
0.72777047 5.79160713
0.72764448 5.79897780
0.72751575 5.80630589
0.72738702 5.81137358
0.72725829 5.81632626
0.72717338 5.81948372
0.72704465 5.82332847
0.72695974 5.82533198
0.72683101 5.82797486
0.72674336 5.83059589
0.72661463 5.83621548
0.72648863 5.84060280
0.72635990 5.84586198
0.72627499 5.85246852
0.72614626 5.85654920
0.72610244 5.85658714
0.72610244 5.85667609
0.72601753 5.85915163
0.72592988 5.85791071
0.72588880 5.85026945
0.72588880 5.84154876
0.72588880 5.82931253
0.72588880 5.81804856
0.72588880 5.80310898
0.72588880 5.79034512
0.72588880 5.78039133
0.72588880 5.77073988
0.72588880 5.75754918
0.72588880 5.74766653
0.72588880 5.73757638
0.72588880 5.72856521
0.72588880 5.71893747
0.72588880 5.71046578
0.72588880 5.70140125
0.72588880 5.69288806
0.72588880 5.68195015
0.72588880 5.67569568
0.72597371 5.66660621
0.72597371 5.66193408
0.72597371 5.65436262
0.72597371 5.64720027
0.72597371 5.64127117
0.72597371 5.63329653
0.72597371 5.62670930
0.72601753 5.61999290
0.72601753 5.61475719
0.72601753 5.60977052
0.72601753 5.60438657
0.72601753 5.59757955
0.72601753 5.59256916
0.72601753 5.58710813
0.72605861 5.58362331
0.72605861 5.57599166
0.72605861 5.57275400
0.72605861 5.56846676
0.72605861 5.56259626
0.72605861 5.55984484
0.72605861 5.55166765
0.72605861 5.54943212
0.72605861 5.54521011
0.72605861 5.54057301
0.72605861 5.53805878
0.72605861 5.53426964
0.72605861 5.52899805
0.72605861 5.52550541
0.72605861 5.52310977
0.72605861 5.51965270
0.72605861 5.51615412
0.72605861 5.51221674
0.72610244 5.50870078
0.72610244 5.50546292
0.72610244 5.50291888
0.72610244 5.49708955
0.72610244 5.49571375
0.72610244 5.49255298
0.72610244 5.48977174
0.72610244 5.48749456
0.72610244 5.48378229
0.72610244 5.48120267
0.72610244 5.47826132
0.72610244 5.47473288
0.72610244 5.47204059
0.72610244 5.47029120
0.72610244 5.46777681
0.72610244 5.46424837
0.72610244 5.46232107
0.72610244 5.45815811
0.72610244 5.45801578
0.72610244 5.45581570
0.72610244 5.45365712
0.72610244 5.44906126
0.72610244 5.44735337
0.72610244 5.44367668
0.72610244 5.44301250
0.72610244 5.44100811
0.72610244 5.43750339
0.72610244 5.43538633
0.72610244 5.43360728
0.72610244 5.43224928
0.72610244 5.42870305
0.72610244 5.42624797
0.72610244 5.42454601
0.72610244 5.42239930
0.72610244 5.42163431
0.72610244 5.41926225
0.72610244 5.41540172
0.72610244 5.41506963
0.72610244 5.41379465
0.72610244 5.40970285
0.72610244 5.40700463
0.72610244 5.40495873
0.72610244 5.40555767
0.72610244 5.40213597
0.72610244 5.40059413
0.72610244 5.39859567
0.72610244 5.39589746
0.72610244 5.39513840
0.72610244 5.39235716
0.72610244 5.39111182
0.72610244 5.38985463
0.72610244 5.38891767
0.72610244 5.38525283
0.72610244 5.38481400
0.72610244 5.38362204
0.72610244 5.38247752
0.72610244 5.37887199
0.72610244 5.37712260
0.72610244 5.37555704
0.72610244 5.37484542
0.72610244 5.37279952
0.72610244 5.37176174
0.72610244 5.36748017
0.72610244 5.36704727
0.72610244 5.36528602
0.72610244 5.36457440
0.72610244 5.36297326
0.72610244 5.36170421
0.72610244 5.36052411
0.72610244 5.35775473
0.72610244 5.35637893
0.72610244 5.35522848
0.72610244 5.35476593
0.72610244 5.34988542
0.72610244 5.34951182
0.72610244 5.34871125
0.72610244 5.34800556
0.72610244 5.34667720
0.72610244 5.34517688
0.72610244 5.34529548
0.72610244 5.34265656
0.72610244 5.34037345
0.72610244 5.33978637
0.72610244 5.33677978
0.72610244 5.33425354
0.72610244 5.33527352
0.72610244 5.33499481
0.72610244 5.33160276
0.72610244 5.33198822
0.72610244 5.32910024
0.72610244 5.32749317
0.72610244 5.32744573
0.72610244 5.32554808
0.72610244 5.32534645
0.72610244 5.32494913
0.72610244 5.32235766
0.72610244 5.32207301
0.72610244 5.32136732
0.72610244 5.31845562
0.72610244 5.31796342
0.72610244 5.31603612
0.72610244 5.31485009
0.72610244 5.31426300
0.72610244 5.31348615
0.72610244 5.31039654
0.72610244 5.30978574
0.72610244 5.31027794
0.72610244 5.30712310
0.72610244 5.30729507
0.72610244 5.30682659
0.72610244 5.30525510
0.72610244 5.30347606
0.72610244 5.30254502
0.72610244 5.30204096
0.72610244 5.29990018
0.72610244 5.30021447
0.72610244 5.29647848
0.72610244 5.29791951
0.72610244 5.29579651
0.72610244 5.29349561
0.72610244 5.29372689
0.72610244 5.29289074
0.72610244 5.29124216
0.72610244 5.28891754
0.72610244 5.28897091
0.72610244 5.28836010
0.72610244 5.28880486
0.72610244 5.28669373
0.72610244 5.28542468
0.72610244 5.28245960
0.72610244 5.28408446
0.72610244 5.28224612
0.72610244 5.28103044
0.72610244 5.27943523
0.72610244 5.28064498
0.72610244 5.27891337
0.72610244 5.27736560
0.72610244 5.27675480
0.72610244 5.27571109
0.72610244 5.27581190
0.72610244 5.27259183
0.72610244 5.27404472
0.72610244 5.27211149
0.72610244 5.27137022
0.72610244 5.27014861
0.72610244 5.26921165
0.72610244 5.26858898
0.72610244 5.26581960
0.72610244 5.26708865
0.72610244 5.26596192
0.72610244 5.26325778
0.72610244 5.26398125
0.72610244 5.26294941
0.72610244 5.26174559
0.72610244 5.26087978
0.72610244 5.25948620
0.72610244 5.25887539
0.72610244 5.25894656
0.72610244 5.25569090
0.72610244 5.25589253
0.72610244 5.25550707
0.72610244 5.25557230
0.72610244 5.25534102
0.72610244 5.25242932
0.72610244 5.25066807
0.72610244 5.25098829
0.72610244 5.24977261
0.72610244 5.25036563
0.72610244 5.24740648
0.72610244 5.24897204
0.72610244 5.24677196
0.72610244 5.24744799
0.72610244 5.24526570
0.72610244 5.24393141
0.72610244 5.24579941
0.72610244 5.24387211
0.72610244 5.24494547
0.72610244 5.24149412
0.72610244 5.24240144
0.72610244 5.24199819
0.72610244 5.23871881
0.72610244 5.23962019
0.72610244 5.23876625
0.72610244 5.23721255
0.72610244 5.23739046
0.72610244 5.23691012
0.72610244 5.23602652
0.72610244 5.23424748
0.72610244 5.23466852
0.72610244 5.23295471
0.72610244 5.23383237
0.72610244 5.23243878
0.72610244 5.23033951
0.72610244 5.22958638
0.72610244 5.22934324
0.72610244 5.22896964
0.72610244 5.22714909
0.72610244 5.22792594
0.72610244 5.22702455
0.72610244 5.22739815
0.72610244 5.22615282
0.72610244 5.22452796
0.72610244 5.22367402
0.72610244 5.22444494
0.72610244 5.22263624
0.72610244 5.22437378
0.72610244 5.22002105
0.72610244 5.22074453
0.72610244 5.22011593
0.72610244 5.21938652
0.72610244 5.22013372
0.72610244 5.21898327
0.72610244 5.21986686
0.72610244 5.21743550
0.72610244 5.21650447
0.72610244 5.21595889
0.72610244 5.21502786
0.72610244 5.21568018
0.72610244 5.21401973
0.72610244 5.21380032
0.72610244 5.21337928
0.72610244 5.21177814
0.72610244 5.21127407
0.72610244 5.21002874
0.72610244 5.21266766
0.72610244 5.20951875
0.72610244 5.21170698
0.72610244 5.20783459
0.72610244 5.20903248
0.72610244 5.20596659
0.72610244 5.20677902
0.72610244 5.20731273
0.72610244 5.20508300
0.72610244 5.20722971
0.72610244 5.20527869
0.72610244 5.20446626
0.72610244 5.20419940
0.72610244 5.20368348
0.72610244 5.20422906
