--- DATOS FILTRADOS Y DESPLAZADOS ---
Origen: Specimen_RawData_1_procesado.txt
Eje X: Lambda (Stretch) | Eje Y: Stress (kPa)

Lambda Stress
1.00000000 0.00000000
0.99988004 0.00947672
0.99976008 0.01664234
0.99964012 0.02206486
0.99956100 0.02783828
0.99944104 0.03163206
0.99935936 0.03398023
0.99924196 0.03622754
0.99916028 0.03939387
0.99904287 0.04348720
0.99892291 0.04972783
0.99880296 0.05754561
0.99872383 0.06550286
0.99860387 0.07002345
0.99852220 0.07703434
0.99840224 0.08102454
0.99828483 0.08606918
0.99820316 0.09132236
0.99808320 0.09653422
0.99796579 0.10294695
0.99784583 0.10970904
0.99776416 0.11806225
0.99764675 0.12266315
0.99752679 0.12456600
0.99744512 0.13022026
0.99732771 0.13170453
0.99724604 0.13623969
0.99712608 0.13874677
0.99704696 0.14381460
0.99692700 0.14927055
0.99680959 0.15375933
0.99672792 0.15865847
0.99660796 0.16327538
0.99652884 0.16849738
0.99640888 0.17164919
0.99628892 0.17502178
0.99620980 0.18007435
0.99608984 0.18194304
0.99601071 0.18729596
0.99589076 0.18976815
0.99581163 0.19278955
0.99573251 0.19677187
0.99561255 0.19953273
0.99553088 0.20402772
0.99541347 0.20703882
0.99533180 0.21359482
0.99521184 0.21894071
0.99509443 0.22536148
0.99497447 0.23277787
0.99489280 0.24051001
0.99477539 0.24721765
0.99465543 0.25354643
0.99457631 0.26331350
0.99445635 0.27123631
0.99433639 0.28075803
0.99421643 0.29030817
0.99409647 0.30085979
0.99397651 0.31362286
0.99385655 0.32458293
0.99373660 0.33300740
0.99361919 0.33922980
0.99353751 0.34529854
0.99341756 0.34939791
0.99329760 0.35283284
0.99321847 0.36056341
0.99309851 0.36906825
0.99297856 0.37692682
0.99286115 0.38561736
0.99274119 0.39040137
0.99265952 0.39608061
0.99254211 0.40011052
0.99246043 0.40620810
0.99234303 0.40973652
0.99222307 0.41377497
0.99214139 0.42108773
0.99202143 0.42280705
0.99194231 0.43055000
0.99182235 0.43567319
0.99170239 0.44533141
0.99158499 0.45587295
0.99146503 0.46545176
0.99134507 0.47302137
0.99126595 0.47972536
0.99114599 0.48132476
0.99106687 0.48402284
0.99094691 0.48429844
0.99086523 0.48791818
0.99074527 0.49170521
0.99066615 0.49713306
0.99054619 0.50422065
0.99042623 0.51121969
0.99034711 0.51769144
0.99022715 0.52467726
0.99010719 0.52912636
0.99002807 0.53634765
0.98990811 0.54217214
0.98978815 0.54717879
0.98970903 0.55343932
0.98958907 0.55671922
0.98950995 0.56279611
0.98943083 0.55977215
0.98935171 0.55534644
0.98927003 0.55382576
0.98915262 0.55451865
0.98907095 0.55986358
0.98895099 0.56622762
0.98883358 0.57397309
0.98871362 0.58283219
0.98863195 0.59493681
0.98851199 0.60358464
0.98839458 0.61273633
0.98827462 0.61905739
0.98815467 0.62439615
0.98803471 0.63022732
0.98795558 0.63682238
0.98783563 0.64051858
0.98775650 0.64486855
0.98763654 0.64501457
0.98755487 0.64777162
0.98743746 0.65195146
0.98735579 0.65565810
0.98723583 0.66130808
0.98711842 0.66727269
0.98703675 0.67583459
0.98691934 0.68261448
0.98679938 0.68675159
0.98671771 0.69301952
0.98659775 0.69736912
0.98648034 0.66222526
0.98636038 0.64115247
0.98627871 0.65150571
0.98616130 0.65869547
0.98604134 0.66796884
0.98592138 0.67820905
0.98580142 0.68898559
0.98568147 0.70113021
0.98556151 0.70967952
0.98544155 0.71829325
0.98532159 0.72490261
0.98524247 0.73294101
0.98512251 0.73881863
0.98500255 0.74469248
0.98492343 0.75129205
0.98480347 0.75526334
0.98468351 0.75956740
0.98460439 0.76612248
0.98448443 0.77109883
0.98440530 0.77856673
0.98428534 0.78459890
0.98416539 0.78988109
0.98408626 0.79858594
0.98396630 0.80463075
0.98384635 0.80908464
0.98376722 0.81620208
0.98364726 0.82115091
0.98356814 0.82947996
0.98344818 0.83503516
0.98332822 0.83859495
0.98324910 0.84263684
0.98316998 0.84850111
0.98305002 0.85092852
0.98297090 0.85544217
0.98285094 0.86037500
0.98276927 0.86603214
0.98265186 0.87057812
0.98257018 0.87803563
0.98245022 0.88549608
0.98233282 0.89208556
0.98225114 0.89908705
0.98213118 0.90258070
0.98205206 0.90878621
0.98193210 0.91719725
0.98181214 0.92603444
0.98169474 0.93962860
0.98157478 0.95065926
0.98145482 0.95989831
0.98133486 0.96823934
0.98125574 0.97631446
0.98113578 0.98150189
0.98101582 0.98804389
0.98093670 0.99433306
0.98081674 1.00057900
0.98069678 1.00827954
0.98061766 1.01490441
0.98049770 1.02029499
0.98037774 1.02575738
0.98029862 1.03385028
0.98017866 1.04011656
0.98005870 1.04688041
0.97997958 1.05599862
0.97985962 1.06397400
0.97973966 1.07149830
0.97961970 1.07918458
0.97954058 1.09010449
0.97942062 1.09887178
0.97930066 1.10708976
0.97918070 1.11840769
0.97906074 1.12851747
0.97894078 1.13679563
0.97882337 1.14628676
0.97870342 1.15306634
0.97858346 1.16035092
0.97850433 1.16489876
0.97838437 1.16934505
0.97826442 1.17372284
0.97818529 1.18011796
0.97806533 1.18572704
0.97794538 1.18998510
0.97786625 1.19633562
0.97774629 1.19963008
0.97766717 1.20470661
0.97754721 1.20784072
0.97742725 1.21416115
0.97730729 1.22330992
0.97718734 1.23355588
0.97706738 1.24269826
0.97698825 1.25313681
0.97686830 1.26104559
0.97674834 1.26311944
0.97666921 1.26527223
0.97659009 1.26669454
0.97647013 1.26509187
0.97638846 1.26857690
0.97627105 1.27187624
0.97618938 1.27656464
0.97607197 1.28195019
0.97595201 1.28502988
0.97587034 1.28888083
0.97575293 1.29034102
0.97567126 1.29582817
0.97555130 1.30216739
0.97543134 1.31099340
0.97531393 1.31740304
0.97523226 1.32223389
0.97511230 1.32003682
0.97503318 1.31659765
0.97495405 1.31066693
0.97487493 1.30865456
0.97479326 1.30983392
0.97467585 1.31198138
0.97459418 1.32013399
0.97447422 1.32848176
0.97435681 1.33599034
0.97423685 1.34155271
0.97415518 1.34908903
0.97403777 1.35256944
0.97395610 1.35941417
0.97383869 1.36369950
0.97375701 1.36951793
0.97363705 1.37529643
0.97351710 1.37985877
0.97343797 1.38773479
0.97331801 1.39140176
0.97323889 1.39706081
0.97311893 1.40411961
0.97299897 1.41006610
0.97287901 1.41909694
0.97279989 1.42712109
0.97267993 1.43354978
0.97256253 1.44079230
0.97248085 1.44895043
0.97236089 1.45607929
0.97224349 1.45997733
0.97216181 1.46660799
0.97204185 1.46845011
0.97192189 1.47482173
0.97184277 1.48516098
0.97172281 1.49281958
0.97160285 1.49990826
0.97148545 1.50838925
0.97136549 1.51754989
0.97124553 1.52615938
0.97116641 1.53608927
0.97104645 1.54264230
0.97092649 1.54740775
0.97084737 1.55464588
0.97072741 1.55832045
0.97060745 1.56340853
0.97052833 1.57337638
0.97040837 1.58202024
0.97028841 1.59146289
0.97016845 1.60014493
0.97004849 1.60948790
0.96992853 1.61790164
0.96980857 1.62867030
0.96972945 1.63615453
0.96960949 1.64246263
0.96948953 1.65060214
0.96936957 1.65904473
0.96925216 1.66628583
0.96917049 1.67346829
0.96905053 1.67382342
0.96897141 1.67802857
0.96885145 1.67861418
0.96877233 1.68300897
0.96865237 1.68528776
0.96857325 1.68914017
0.96845329 1.69235967
0.96837417 1.69648382
0.96825421 1.69661393
0.96817508 1.70049871
0.96805513 1.70231340
0.96797600 1.70661909
0.96789433 1.71115852
0.96777437 1.70988125
0.96769525 1.71613637
0.96757529 1.72415923
0.96745533 1.73097133
0.96733792 1.73941159
0.96721796 1.74811359
0.96713884 1.75945731
0.96701888 1.77107659
0.96689892 1.77861356
0.96677896 1.78283802
0.96669984 1.79065189
0.96657988 1.79388618
0.96645992 1.79703846
0.96638080 1.80752208
0.96626084 1.81388447
0.96614088 1.81781588
0.96606176 1.82337423
0.96594180 1.82949728
0.96582184 1.83367448
0.96574272 1.84111690
0.96562276 1.84419937
0.96550280 1.84847083
0.96542368 1.85491911
0.96530372 1.86165186
0.96518376 1.86972763
0.96506380 1.87760502
0.96494384 1.88432715
0.96482388 1.89000845
0.96470393 1.89902636
0.96458652 1.90890675
0.96446656 1.91911176
0.96434660 1.93168840
0.96422664 1.94052610
0.96410668 1.94951716
0.96402756 1.95513050
0.96390760 1.95827215
0.96378764 1.95990754
0.96370852 1.96165980
0.96362685 1.96195476
0.96350944 1.96223212
0.96342776 1.96313036
0.96334864 1.96548639
0.96322868 1.96907801
0.96310872 1.97617446
0.96298876 1.98702899
0.96290964 1.99981060
0.96278968 2.00873223
0.96267228 2.01699650
0.96255232 2.02133219
0.96247064 2.02663225
0.96235068 2.02781085
0.96227156 2.03369934
0.96215160 2.03685177
0.96207248 2.04199647
0.96195252 2.04804741
0.96187340 2.05552965
0.96175344 2.06361909
0.96163348 2.07142131
0.96151352 2.07999686
0.96139356 2.08889915
0.96131444 2.09849838
0.96119448 2.10189904
0.96111536 2.10668533
0.96099540 2.10949833
0.96091628 2.11459322
0.96079632 2.11976961
0.96071720 2.12716040
0.96059724 2.13073017
0.96051812 2.13833370
0.96039816 2.14164203
0.96031904 2.13851787
0.96023736 2.13436177
0.96015824 2.13472562
0.96003828 2.13977071
0.95995916 2.15196742
0.95983920 2.16595452
0.95971924 2.17934464
0.95959928 2.19197398
0.95948187 2.20176983
0.95936191 2.21028012
0.95924196 2.21966661
0.95916283 2.23020121
0.95904287 2.23671022
0.95892291 2.24295671
0.95884124 2.24954279
0.95872383 2.25575133
0.95860387 2.26189398
0.95852220 2.26633140
0.95840479 2.27297517
0.95828483 2.28139114
0.95820316 2.29126540
0.95808575 2.29838101
0.95796579 2.30443214
0.95788412 2.31188596
0.95776671 2.31421578
0.95768504 2.31867503
0.95756508 2.32162944
0.95744767 2.32910976
0.95732771 2.34090141
0.95720775 2.35102936
0.95708779 2.36312337
0.95696784 2.37153180
0.95688871 2.38084952
0.95676875 2.38845532
0.95664880 2.39614080
0.95652884 2.40323551
0.95640888 2.41046244
0.95629147 2.41821042
0.95620980 2.42737720
0.95608984 2.43326021
0.95596988 2.43693663
0.95589076 2.44363871
0.95577080 2.44837309
0.95565084 2.45585122
0.95553343 2.46476374
0.95541347 2.47328311
0.95529351 2.48136939
0.95517355 2.48830317
0.95509443 2.49393027
0.95497447 2.49756665
0.95489535 2.49956278
0.95477539 2.49894402
0.95469372 2.50012875
0.95457631 2.50146046
0.95449464 2.50452523
0.95437468 2.50756114
0.95429555 2.51330441
0.95417559 2.51761720
0.95405819 2.52281848
0.95397651 2.52853180
0.95385655 2.53179517
0.95373915 2.53429992
0.95365747 2.54056456
0.95353751 2.54366260
0.95345839 2.54719924
0.95337927 2.54681321
0.95330015 2.54356444
0.95318019 2.54188132
0.95309851 2.54203287
0.95301939 2.54652578
0.95289943 2.55237084
0.95277947 2.55858464
0.95270035 2.56898077
0.95258039 2.57725150
0.95246043 2.58776431
0.95234303 2.59684653
0.95226135 2.61248652
0.95214139 2.62269530
0.95202399 2.63277780
0.95190403 2.64259952
0.95178407 2.65201252
0.95170495 2.65863288
0.95158499 2.66339167
0.95150587 2.67268935
0.95138591 2.67941471
0.95126595 2.68564319
0.95114599 2.69303162
0.95106687 2.70285380
0.95094691 2.70975539
0.95082695 2.71655081
0.95074783 2.72637174
0.95062787 2.73384531
0.95050791 2.74227934
0.95038795 2.75023762
0.95026799 2.75777804
0.95018887 2.76990290
0.95002807 2.78115990
0.94990811 2.79586712
0.94979070 2.81154957
0.94967075 2.82496665
0.94955079 2.83263988
0.94947166 2.84113033
0.94935171 2.84517392
0.94927003 2.85105696
0.94915262 2.85476936
0.94907095 2.85825757
0.94895099 2.85868230
0.94887187 2.86670650
0.94875191 2.87368197
0.94863450 2.88233957
0.94851454 2.89114970
0.94839458 2.90317238
0.94827462 2.91359638
0.94819550 2.92008867
0.94807554 2.91995242
0.94799387 2.92356872
0.94791475 2.92537232
0.94779479 2.92642284
0.94771567 2.93260588
0.94759571 2.93840184
0.94747575 2.94354786
0.94739663 2.95212720
0.94727667 2.96025792
0.94715671 2.97121285
0.94703675 2.98099140
0.94695763 2.98977903
0.94683767 2.99626292
0.94671771 3.00074056
0.94663859 3.00495522
0.94655946 3.00843975
0.94643951 3.00868970
0.94636038 3.01415800
0.94624042 3.01906090
0.94616130 3.02466166
0.94604134 3.02895934
0.94592138 3.03287341
0.94584226 3.04083685
0.94576314 3.04399488
0.94568147 3.03815748
0.94560234 3.03562506
0.94548238 3.03764655
0.94536242 3.04685283
0.94524247 3.05873569
0.94512251 3.07341133
0.94500510 3.08596964
0.94488514 3.09582268
0.94480347 3.10774104
0.94468606 3.11577288
0.94456610 3.12340987
0.94444614 3.12998833
0.94432618 3.13596951
0.94424706 3.14370200
0.94412710 3.14529359
0.94404798 3.14923811
0.94392802 3.15065563
0.94380806 3.15359970
0.94372894 3.15855536
0.94360898 3.15887696
0.94352730 3.16278982
0.94340990 3.16639943
0.94328994 3.17050503
0.94321082 3.17917232
0.94309086 3.18596633
0.94297090 3.19732774
0.94285094 3.20636183
0.94273098 3.21256877
0.94261102 3.21984741
0.94253190 3.22668389
0.94241194 3.23349932
0.94229198 3.23976497
0.94217202 3.24685896
0.94209290 3.25447344
0.94197294 3.25994311
0.94189382 3.26414624
0.94177386 3.26465111
0.94169474 3.26791439
0.94157478 3.27012608
0.94149566 3.27636292
0.94137570 3.28347372
0.94125574 3.28995375
0.94117662 3.30358007
0.94105666 3.31313090
0.94093670 3.32681988
0.94077590 3.33970512
0.94065849 3.35750581
0.94053854 3.37301028
0.94041858 3.38646503
0.94029862 3.39337515
0.94021949 3.39751833
0.94009954 3.39447919
0.94001786 3.39098003
0.93993874 3.39161365
0.93985962 3.39260218
0.93973966 3.39320194
0.93966054 3.39794637
0.93954058 3.39977060
0.93946145 3.40378234
0.93937978 3.40825875
0.93926237 3.41028758
0.93918070 3.41843502
0.93906074 3.42534374
0.93894333 3.43007151
0.93886166 3.43850385
0.93874425 3.44746445
0.93862429 3.45461252
0.93854262 3.46867707
0.93842521 3.48079664
0.93830525 3.49002653
0.93818529 3.49662983
0.93810362 3.50601322
0.93798621 3.51213050
0.93786625 3.51759047
0.93778458 3.52590810
0.93766717 3.53022659
0.93754721 3.53768615
0.93746554 3.54689785
0.93734813 3.55372405
0.93722817 3.55662556
0.93714650 3.56593939
0.93702909 3.56949106
0.93694742 3.57719003
0.93682746 3.58483231
0.93671005 3.58958512
0.93662838 3.59961840
0.93651097 3.60606308
0.93639101 3.61292082
0.93630934 3.62378443
0.93618938 3.63046925
0.93607197 3.63737693
0.93595201 3.64557059
0.93583205 3.65385728
0.93575293 3.66715481
0.93563297 3.67785868
0.93551301 3.68891101
0.93539305 3.69923606
0.93527309 3.71056553
0.93515313 3.72098603
0.93503318 3.72912691
0.93491577 3.73672850
0.93479581 3.74415771
0.93471413 3.75204200
0.93459418 3.75658860
0.93451505 3.75788333
0.93439509 3.75687982
0.93427514 3.76043521
0.93419601 3.76965657
0.93407605 3.77664857
0.93395610 3.78557871
0.93383869 3.79310030
0.93371873 3.79688501
0.93363705 3.80243793
0.93351965 3.80251342
0.93343797 3.80387427
0.93332057 3.80379972
0.93320061 3.80504447
0.93311893 3.81154696
0.93300153 3.81723285
0.93288157 3.82168464
0.93279989 3.82908762
0.93268249 3.83661706
0.93256253 3.84483780
0.93244257 3.85079521
0.93236089 3.85448123
0.93224349 3.85290412
0.93216181 3.85223871
0.93208269 3.85158628
0.93200357 3.85196470
0.93188361 3.85021602
0.93180449 3.85241293
0.93172281 3.85511690
0.93160541 3.85704935
0.93152373 3.86562699
0.93140377 3.87335593
0.93132465 3.88136303
0.93124553 3.87665806
0.93112557 3.87559761
0.93104645 3.88263045
0.93092649 3.89123274
0.93080653 3.90554190
0.93068657 3.92064725
0.93056661 3.93356818
0.93044665 3.94939009
0.93032924 3.96271323
0.93020929 3.97262310
0.93008933 3.98144777
0.93001020 3.99283497
0.92989025 3.99869820
0.92977029 4.00239755
0.92969116 4.00714484
0.92957120 4.00873935
0.92948953 4.01581107
0.92937212 4.02211689
0.92925216 4.03164795
0.92917049 4.04395014
0.92905308 4.05484980
0.92893312 4.05408110
0.92881317 4.00090935
0.92873404 4.00512656
0.92861408 4.01259090
0.92849412 4.02115940
0.92841500 4.03116475
0.92829504 4.03934691
0.92817508 4.05117098
0.92805513 4.06280826
0.92797600 4.07732641
0.92785604 4.09128798
0.92773608 4.10548491
0.92761613 4.11611722
0.92749617 4.12671624
0.92737621 4.13688144
0.92725880 4.14927744
0.92717713 4.16527629
0.92705717 4.17778056
0.92693721 4.18499916
0.92681980 4.19047225
0.92673813 4.19748900
0.92661817 4.20025961
0.92653905 4.20739582
0.92641909 4.21325096
0.92629913 4.22232360
0.92622001 4.23582907
0.92610005 4.24788183
0.92598009 4.25842002
0.92586268 4.26530204
0.92578101 4.27098203
0.92566360 4.27112282
0.92558192 4.27209254
0.92550280 4.27664830
0.92538284 4.28026182
0.92526288 4.28580616
0.92518376 4.29477628
0.92506380 4.30003890
0.92498468 4.30850361
0.92486472 4.31314365
0.92478560 4.31961514
0.92466564 4.32283149
0.92458652 4.32622799
0.92450484 4.32459808
0.92438744 4.32413309
0.92430576 4.32922636
0.92418580 4.33334949
0.92406584 4.34023896
0.92398672 4.35564739
0.92386676 4.36673902
0.92374680 4.37925015
0.92362940 4.38869798
0.92350944 4.39629965
0.92338948 4.39995016
0.92331036 4.40747356
0.92319040 4.41140019
0.92307044 4.41605835
0.92299132 4.42458671
0.92287136 4.42848730
0.92275140 4.43295740
0.92267228 4.43926658
0.92255232 4.44347826
0.92243236 4.44858362
0.92235324 4.45485833
0.92223328 4.45984920
0.92211332 4.46582937
0.92203420 4.47500443
0.92191424 4.48296202
0.92179428 4.48986529
0.92167432 4.49760814
0.92155436 4.50387376
0.92147524 4.51174760
0.92135528 4.51620288
0.92123532 4.52231475
0.92111536 4.52950868
0.92103624 4.53872529
0.92091628 4.54590131
0.92079632 4.55263476
0.92067636 4.56096210
0.92059724 4.57090584
0.92047728 4.57848494
0.92035732 4.58623439
0.92023736 4.59647953
0.92015824 4.60893714
0.92003828 4.61801581
0.91992087 4.62376318
0.91980091 4.62795785
0.91971924 4.63478763
0.91960183 4.64109355
0.91948187 4.64777935
0.91940020 4.65561508
0.91928024 4.66377699
0.91916283 4.67030819
0.91908116 4.67769307
0.91896375 4.68046836
0.91888208 4.68593546
0.91876212 4.69176425
0.91864216 4.69855135
0.91856304 4.70761000
0.91844308 4.71225347
0.91836396 4.72288949
0.91824400 4.73182326
0.91812404 4.74293348
0.91800408 4.75187878
0.91792496 4.76092235
0.91780500 4.76314357
0.91772588 4.76730310
0.91760592 4.76843777
0.91752679 4.77652223
0.91740684 4.78060051
0.91728688 4.78410647
0.91720775 4.79112412
0.91708779 4.79615388
0.91700867 4.80475456
0.91692955 4.80571833
0.91684788 4.80166917
0.91673047 4.79565361
0.91664880 4.80039835
0.91652884 4.80824367
0.91641143 4.82353823
0.91629147 4.84155593
0.91617151 4.85825454
0.91605155 4.87660817
0.91593159 4.88813316
0.91585247 4.90027078
0.91573251 4.90884279
0.91561255 4.91518100
0.91549259 4.92416551
0.91541347 4.93401230
0.91529351 4.94006222
0.91521439 4.94837141
0.91509443 4.95083270
0.91497447 4.95446580
0.91489535 4.96267300
0.91477539 4.96881803
0.91469627 4.97903668
0.91457631 4.98953911
0.91445635 4.99888685
0.91433639 5.01005104
0.91421643 5.01757122
0.91413731 5.02719022
0.91401735 5.03296828
0.91389739 5.03905443
0.91381827 5.04714408
0.91369831 5.05523098
0.91357835 5.06656481
0.91345839 5.07721391
0.91333843 5.08998551
0.91321847 5.10134344
0.91310107 5.11162141
0.91298111 5.12148041
0.91289943 5.13197625
0.91278203 5.13871330
0.91266207 5.14484003
0.91254211 5.14803243
0.91246299 5.15459254
0.91234303 5.15321973
0.91226391 5.15763194
0.91214395 5.15845759
0.91202399 5.16174546
0.91194231 5.17087864
0.91182491 5.17996462
0.91170495 5.18422986
0.91158499 5.18871864
0.91150587 5.19488624
0.91138591 5.19788757
0.91126595 5.20148575
0.91118683 5.20703988
0.91106687 5.20796658
0.91098519 5.20870285
0.91090607 5.20749568
0.91078611 5.20357254
0.91070699 5.20678296
0.91058703 5.20626969
0.91050791 5.21047009
0.91042879 5.21374587
0.91030883 5.21260839
0.91022970 5.21685196
0.91014803 5.22038331
0.91002807 5.22486703
0.90994895 5.23400685
0.90982899 5.23975720
0.90974987 5.24830914
0.90962991 5.25353782
0.90950995 5.26298796
0.90938999 5.27651604
0.90927258 5.29327677
0.90915262 5.31037358
0.90903266 5.32472273
0.90895354 5.33992101
0.90883358 5.34715908
0.90871362 5.35288814
0.90863450 5.36165475
0.90851454 5.36783599
0.90839458 5.37402950
0.90831546 5.38019182
0.90819550 5.38225459
0.90811383 5.39216203
0.90799642 5.39761846
0.90787646 5.40516536
0.90779479 5.41866147
0.90767738 5.42840767
0.90755742 5.43664726
0.90743746 5.44610705
0.90731750 5.45785986
0.90723838 5.47141933
0.90711842 5.47991436
0.90699846 5.48541950
0.90691934 5.49308691
0.90679938 5.49840803
0.90667942 5.50385007
0.90660030 5.51349347
0.90648034 5.52607341
0.90636038 5.53697736
0.90624042 5.55136194
0.90612046 5.56193554
0.90600051 5.57455667
0.90588310 5.58678655
0.90576314 5.59543858
0.90568147 5.60506496
0.90556151 5.60897008
0.90544410 5.61502190
0.90536242 5.62273518
0.90524247 5.62643449
0.90512506 5.63463526
0.90500510 5.64474909
0.90488514 5.65468773
0.90480602 5.66544401
0.90468606 5.67067132
0.90460694 5.67561568
0.90448698 5.67520357
0.90440530 5.67701226
0.90428534 5.67551397
0.90420622 5.68031446
0.90408626 5.68492994
0.90400714 5.69503775
0.90388718 5.70282685
0.90376722 5.71455665
0.90364982 5.72710487
0.90352986 5.73917268
0.90344818 5.74983297
0.90333078 5.75118010
0.90324910 5.75612310
0.90312914 5.75750553
0.90305002 5.76808552
0.90293006 5.77390710
0.90281010 5.78340019
0.90269014 5.79542948
0.90261102 5.80634958
0.90249106 5.80562154
0.90241194 5.79910786
0.90233282 5.78887801
0.90225370 5.78853767
0.90217202 5.78993377
0.90205206 5.79397912
0.90193466 5.80697436
0.90181470 5.82097977
0.90169474 5.83387852
0.90157478 5.84714905
0.90145482 5.86066892
0.90133486 5.86971174
0.90121490 5.88038387
0.90109749 5.88826475
0.90101582 5.89974043
0.90089586 5.90357331
0.90077590 5.90739579
0.90065849 5.91185092
0.90057682 5.91820097
0.90045941 5.91970672
0.90037774 5.92326262
0.90025778 5.92564842
0.90017866 5.92862801
0.90005870 5.92953601
0.89997958 5.93397888
0.89985962 5.93457767
0.89978050 5.93812567
0.89970137 5.94250438
0.89958141 5.94274685
0.89949974 5.94689116
0.89938233 5.94965294
0.89930066 5.95948268
0.89918325 5.97103257
0.89906329 5.98809143
0.89894333 6.00678607
0.89882337 6.02774973
0.89866258 6.04234753
0.89854262 6.05711300
0.89846350 6.07325675
0.89834354 6.08230727
0.89822613 6.08888474
0.89810617 6.09293692
0.89802450 6.10091733
0.89790709 6.10609924
0.89782542 6.11179615
0.89770546 6.11475275
0.89758550 6.12203810
0.89746809 6.13261730
0.89738642 6.14573533
0.89726646 6.15437184
0.89714905 6.15936507
0.89706738 6.16645993
0.89694742 6.16868467
0.89686830 6.17608354
0.89674834 6.17994517
0.89662838 6.18830950
0.89654925 6.19724362
0.89642930 6.20171504
0.89635017 6.20956759
0.89623021 6.21270532
0.89615109 6.22097448
0.89603113 6.22493089
0.89595201 6.23135402
0.89583205 6.23457537
0.89575293 6.23930325
0.89563297 6.23946611
0.89555385 6.24394704
0.89543389 6.24537907
0.89535477 6.25094243
0.89527309 6.25356086
0.89515313 6.25686947
0.89507401 6.26845605
0.89495405 6.27740382
0.89483409 6.29062694
0.89471413 6.30879473
0.89459673 6.32678780
0.89447677 6.33925946
0.89435681 6.35045665
0.89427769 6.36072658
0.89415773 6.36724932
0.89403777 6.37395117
0.89395865 6.38522435
0.89383869 6.39124126
0.89371873 6.39960101
0.89363961 6.40760170
0.89351965 6.41066465
0.89344053 6.41986532
0.89332057 6.42732260
0.89320061 6.43497524
0.89308065 6.44550886
0.89300153 6.45761443
0.89288157 6.46680278
0.89276161 6.47581689
0.89268249 6.48660254
0.89256253 6.49329570
0.89244257 6.49719226
0.89236345 6.50606451
0.89224349 6.51277139
0.89212353 6.51917818
0.89204441 6.53057376
0.89192445 6.53979392
0.89180449 6.54912397
0.89168453 6.56368870
0.89156457 6.57785198
0.89144461 6.59408433
0.89128637 6.60625000
0.89116641 6.61897393
0.89108728 6.62799305
0.89096733 6.62840594
0.89088565 6.62898242
0.89076824 6.62516363
0.89068657 6.62562146
0.89056916 6.62702368
0.89044920 6.63090247
0.89032924 6.63750269
0.89025012 6.64877074
0.89013016 6.65556261
0.89001020 6.66029213
0.88993108 6.66483936
0.88981112 6.66407010
0.88972945 6.66525154
0.88960949 6.66165832
0.88953037 6.66215541
0.88945125 6.66419516
0.88933129 6.66355417
0.88925216 6.66828327
0.88913221 6.66949308
0.88905308 6.67612315
0.88893312 6.67943065
0.88885400 6.68366612
0.88877233 6.68915127
0.88865237 6.69464349
0.88853496 6.70189225
0.88845329 6.71452797
0.88833588 6.72352123
0.88821592 6.73617114
0.88813425 6.74810609
0.88801684 6.74640679
0.88793517 6.74106812
0.88785604 6.74072192
0.88777692 6.74578669
0.88765696 6.75354070
0.88753700 6.77085525
0.88741704 6.79017932
0.88729709 6.80805018
0.88717713 6.82148776
0.88705972 6.83612344
0.88693976 6.84789714
0.88681980 6.85843113
0.88673813 6.87060861
0.88662072 6.87596704
0.88650076 6.88005933
0.88641909 6.88589163
0.88630168 6.88776532
0.88622001 6.89395601
0.88610260 6.90165158
0.88598264 6.91051085
0.88590096 6.92443444
0.88578101 6.93431072
0.88566360 6.94246330
0.88558192 6.95111648
0.88546197 6.95779969
0.88534456 6.96553562
0.88522460 6.97434437
0.88514293 6.98742012
0.88502552 6.99548297
0.88490556 7.00219016
0.88482644 7.01381435
0.88470648 7.02198128
0.88458652 7.03088907
0.88446656 7.04034590
0.88434660 7.05178673
0.88426748 7.06619850
0.88414752 7.08126467
0.88402756 7.09777514
0.88390760 7.11017251
0.88374936 7.12287114
0.88362940 7.14310518
0.88350944 7.15660726
0.88343032 7.16518995
0.88331036 7.16500522
0.88322868 7.16772630
0.88311128 7.16679503
0.88302960 7.17198440
0.88291220 7.17938166
0.88279224 7.18879988
0.88271056 7.20045575
0.88259315 7.20582650
0.88247320 7.20968922
0.88239152 7.21558999
0.88227411 7.21850005
0.88219244 7.22610244
0.88207248 7.23225047
0.88195252 7.24073418
0.88187340 7.25487475
0.88175344 7.26241200
0.88163348 7.26819236
0.88155436 7.27319832
0.88143440 7.27460566
0.88135528 7.27867216
0.88123532 7.27987275
0.88115620 7.28363494
0.88107708 7.28459186
0.88095712 7.28148160
0.88087799 7.28375003
0.88079632 7.28883199
0.88067891 7.29315338
0.88055895 7.29822990
0.88047728 7.30567596
0.88035987 7.30796562
0.88023991 7.31320853
0.88011995 7.32204176
0.88003828 7.33645473
0.87992087 7.34418409
0.87980091 7.35174505
0.87968095 7.35496597
0.87960183 7.36421413
0.87948187 7.37399049
0.87936191 7.36936152
0.87928279 7.37205606
0.87916283 7.37422446
0.87908116 7.37851308
0.87896375 7.37839334
0.87888208 7.38257625
0.87876212 7.38365430
0.87868300 7.39532684
0.87856304 7.40292771
0.87844308 7.41405649
0.87832567 7.42584604
0.87820571 7.43872420
0.87808575 7.44959005
0.87800663 7.46418832
0.87788667 7.47365555
0.87776671 7.47979729
0.87764675 7.48684362
0.87756763 7.49913256
0.87744767 7.50457548
0.87736855 7.51380179
0.87724859 7.51653231
0.87712863 7.52322111
0.87704951 7.53728671
0.87692955 7.55034914
0.87680959 7.56378117
0.87668963 7.57650457
0.87656967 7.58910048
0.87644971 7.60045660
0.87632976 7.61092620
0.87625063 7.62451873
0.87613067 7.63369151
0.87601071 7.64550955
0.87589076 7.65514681
0.87577335 7.66990590
0.87565339 7.68579079
0.87553343 7.69903451
0.87541347 7.70856784
0.87533435 7.71393829
0.87521439 7.70975855
0.87513527 7.70564044
0.87505359 7.70118880
0.87497447 7.70206975
0.87485451 7.70292470
0.87477539 7.71348702
0.87465543 7.71860168
0.87453547 7.72455910
0.87445635 7.73527244
0.87433639 7.74033201
0.87425727 7.74842406
0.87413731 7.75466261
0.87401735 7.76312642
0.87393823 7.77715099
0.87381827 7.78482472
0.87369831 7.79160674
0.87361919 7.80372187
0.87349923 7.80956934
0.87342011 7.80084067
0.87333843 7.79004294
0.87325931 7.78896797
0.87313935 7.79492155
0.87306023 7.81051633
0.87294027 7.82673357
0.87282031 7.84553238
0.87270035 7.86484630
0.87258295 7.88232389
0.87246299 7.90147978
0.87234303 7.91314981
0.87222307 7.92539877
0.87210311 7.93151964
0.87202399 7.94101488
0.87190403 7.94457432
0.87182491 7.95119022
0.87170495 7.95594543
0.87162582 7.96481190
0.87150587 7.96652349
0.87142674 7.97242733
0.87130678 7.97721271
0.87122511 7.98352201
0.87110770 7.98773776
0.87098774 7.99559645
0.87086778 8.00875845
0.87074783 8.02533848
0.87062787 8.04085854
0.87054874 8.05607568
0.87042879 8.06534282
0.87030883 8.07522831
0.87018887 8.08508335
0.87006891 8.09624273
0.86994895 8.10878356
0.86982899 8.12373139
0.86971158 8.13764040
0.86959162 8.14527762
0.86951250 8.15481378
0.86939254 8.15840817
0.86927258 8.16063532
0.86919346 8.16658392
0.86907350 8.16790555
0.86895354 8.17135187
0.86887187 8.17475160
0.86875446 8.17524379
0.86867279 8.18166496
0.86855538 8.18491172
0.86843542 8.18921360
0.86835375 8.19583964
0.86823379 8.19711235
0.86815467 8.20138811
0.86803471 8.19921726
0.86795558 8.20177617
0.86787646 8.20707110
0.86775650 8.21105741
0.86763654 8.21626279
0.86755742 8.22931744
0.86743746 8.23955019
0.86731750 8.24647125
0.86723838 8.25800173
0.86711842 8.26350328
0.86703930 8.27131840
0.86691934 8.27377158
0.86684022 8.27890401
0.86672026 8.28151130
0.86663859 8.28885573
0.86652118 8.29171896
0.86643951 8.29925822
0.86632210 8.30307284
0.86624042 8.31273503
0.86612046 8.31935610
0.86604134 8.33029416
0.86592138 8.34257287
0.86580142 8.35187879
0.86568147 8.35956075
0.86560234 8.37007581
0.86548238 8.37911338
0.86536242 8.38998613
0.86524502 8.40351818
0.86516334 8.41924144
0.86504338 8.43116387
0.86492598 8.44182210
0.86480602 8.44972725
0.86472434 8.45994222
0.86460694 8.46837793
0.86448698 8.47651500
0.86440530 8.48646052
0.86428790 8.49387450
0.86416794 8.50213882
0.86408882 8.51215637
0.86396886 8.51824262
0.86384890 8.52542808
0.86376978 8.53466650
0.86364982 8.54072022
0.86356814 8.55124269
0.86344818 8.55900916
0.86333078 8.56795462
0.86321082 8.58112876
0.86309086 8.59559339
0.86297090 8.61285828
0.86285094 8.62639935
0.86273098 8.64000290
0.86265186 8.65842577
0.86253190 8.67165906
0.86241194 8.68412525
0.86229198 8.69958209
0.86217202 8.71502050
0.86205461 8.72760078
0.86193466 8.73285890
0.86185553 8.73802185
0.86173557 8.73713644
0.86165390 8.73673369
0.86157478 8.73959421
0.86145482 8.74167554
0.86133486 8.74949631
0.86121490 8.76040481
0.86113578 8.77649040
0.86101582 8.79206886
0.86085758 8.81183105
0.86073762 8.83216900
0.86061766 8.84452852
0.86053854 8.85137583
0.86041858 8.84965297
0.86033945 8.84919678
0.86025778 8.85033728
0.86017866 8.84915835
0.86005870 8.84550001
0.85997958 8.84729074
0.85985962 8.84818514
0.85978050 8.85542690
0.85966054 8.86440451
0.85954058 8.87558102
0.85942062 8.88929874
0.85930066 8.90306814
0.85918325 8.91367209
0.85910158 8.92076803
0.85902246 8.91583719
0.85894333 8.90780150
0.85882337 8.90165299
0.85874425 8.90391992
0.85862429 8.90459975
0.85854517 8.91728115
0.85842521 8.92607578
0.85830525 8.93807037
0.85818529 8.95032403
0.85806533 8.96173685
0.85794538 8.97134172
0.85786625 8.98656677
0.85774629 8.99364287
0.85762634 8.99936654
0.85754721 9.00668377
0.85742725 9.00931982
0.85734813 9.01356084
0.85722817 9.01305953
0.85714905 9.01937082
0.85702909 9.02100513
0.85694997 9.02451120
0.85686830 9.02984199
0.85674834 9.03178013
0.85663093 9.03975990
0.85654925 9.05238941
0.85643185 9.06406791
0.85631189 9.07875938
0.85619193 9.09320972
0.85607197 9.10649330
0.85599285 9.12028109
0.85587289 9.12752258
0.85575293 9.13453690
0.85567381 9.14766326
0.85555385 9.15686437
0.85543389 9.16874127
0.85531393 9.18099647
0.85519397 9.19298502
0.85507401 9.20621447
0.85499489 9.22410340
0.85487493 9.23909614
0.85475497 9.25382216
0.85463501 9.26865574
0.85451505 9.27769285
0.85439765 9.28377805
0.85431597 9.28995689
0.85419857 9.29355423
0.85411689 9.30196596
0.85399693 9.30785713
0.85387697 9.31708619
0.85375957 9.32483451
0.85367789 9.33449449
0.85355793 9.33996356
0.85347881 9.34907346
0.85335885 9.35397617
0.85324144 9.35918556
0.85315977 9.36923361
0.85303981 9.37608553
0.85292240 9.38398334
0.85284073 9.39645957
0.85272077 9.40276077
0.85260336 9.40832490
0.85252169 9.41480959
0.85240173 9.41870812
0.85232261 9.42852633
0.85220265 9.43304045
0.85212353 9.44323786
0.85200357 9.44635145
0.85192445 9.45379538
0.85180449 9.45799262
0.85172537 9.46494888
0.85160541 9.46636049
0.85152628 9.47499059
0.85140632 9.47725678
0.85132465 9.48478808
0.85120724 9.48797474
0.85112557 9.49832676
0.85100816 9.51417461
0.85088820 9.53372495
0.85076824 9.55297922
0.85064828 9.56785529
0.85052833 9.57910375
0.85044920 9.59246497
0.85032924 9.59769685
0.85020929 9.60741836
0.85008933 9.61512112
0.85001020 9.62646173
0.84989025 9.63075788
0.84981112 9.63853824
0.84969116 9.64205412
0.84957120 9.64650551
0.84949208 9.65835516
0.84937212 9.67093998
0.84925216 9.68375683
0.84913221 9.69354567
0.84901225 9.70646574
0.84889229 9.72362139
0.84877488 9.74013265
0.84865492 9.75559305
0.84853496 9.76839062
0.84841500 9.77523220
0.84833588 9.78104652
0.84821592 9.78350835
0.84809596 9.78591464
0.84801684 9.79166805
0.84789688 9.79513908
0.84777692 9.79978941
0.84769780 9.80807509
0.84757784 9.81141048
0.84745788 9.81803100
0.84737876 9.83003637
0.84725880 9.83505470
0.84713884 9.83735676
0.84705972 9.84384391
0.84693976 9.84418741
0.84685809 9.84799659
0.84674068 9.84988293
0.84665900 9.85921149
0.84653905 9.86710779
0.84642164 9.87545338
0.84630168 9.88358542
0.84622001 9.89267831
0.84610260 9.89628154
0.84602092 9.90516859
0.84590096 9.90863645
0.84582184 9.92179323
0.84570188 9.92749987
0.84562276 9.93782987
0.84550280 9.94078817
0.84538284 9.94391797
0.84530372 9.95199958
0.84518376 9.95599611
0.84510464 9.96374987
0.84498468 9.96683665
0.84490556 9.97796516
0.84478560 9.98026634
0.84470648 9.98374490
0.84462480 9.97936151
0.84454568 9.96873650
0.84446656 9.96580691
0.84434660 9.96769914
0.84426748 9.97867015
0.84414752 9.99131356
0.84402756 10.00798799
0.84390760 10.02469956
0.84378764 10.04220348
0.84366768 10.05779872
0.84355028 10.07170201
0.84343032 10.08233959
0.84335119 10.09720365
0.84323124 10.10346608
0.84311128 10.10838195
0.84303215 10.11680778
0.84291220 10.11875757
0.84283052 10.12726993
0.84271056 10.13070875
0.84263144 10.13867340
0.84251148 10.14385036
0.84239152 10.15080382
0.84231240 10.16634250
0.84219244 10.18005493
0.84207503 10.19238905
0.84195507 10.20444301
0.84183512 10.21426735
0.84175344 10.22413887
0.84163603 10.22799261
0.84151607 10.23022232
0.84143440 10.23860857
0.84131699 10.24276871
0.84123532 10.25394971
0.84111791 10.26348714
0.84099795 10.27406847
0.84087799 10.28723597
0.84075803 10.29974014
0.84063808 10.31093567
0.84055895 10.32114180
0.84043899 10.32529621
0.84031904 10.32957285
0.84023991 10.33988328
0.84011995 10.34621932
0.84000000 10.35640656
0.83992087 10.37121523
0.83980091 10.37860523
0.83968095 10.38748536
0.83956100 10.39578965
0.83944104 10.40536175
0.83932108 10.41527773
0.83924196 10.42833629
0.83912200 10.43567937
0.83900204 10.44477679
0.83888208 10.45004289
0.83876467 10.45534274
0.83868300 10.46228932
0.83856304 10.46344330
0.83844563 10.46492241
0.83836396 10.47032153
0.83824400 10.46927805
0.83816488 10.47213711
0.83804492 10.47088023
0.83796579 10.47412508
0.83784583 10.47251626
0.83772588 10.47342387
0.83764675 10.47730732
0.83752679 10.47485852
0.83744767 10.47644117
0.83732771 10.47439277
0.83724859 10.47417167
0.83712863 10.46877861
0.83704951 10.46892835
0.83692955 10.46416934
0.83685043 10.46714134
0.83673047 10.46301347
0.83665135 10.46058592
0.83653139 10.45352142
0.83644971 10.44975134
0.83632976 10.43970652
0.83625063 10.43880988
0.83613067 10.43586522
0.83601071 10.34058144
0.83593159 10.13739147
0.83581163 10.15754509
0.83569423 10.16687202
0.83557427 10.17809475
0.83549259 10.19357546
0.83537263 10.20191398
0.83525523 10.20826807
0.83517355 10.21692922
0.83505359 10.22296005
0.83497447 10.23756480
0.83485451 10.24932522
0.83473455 10.26507574
0.83461715 10.28610241
0.83449719 10.30686565
0.83437723 10.32317826
0.83425727 10.33700816
0.83417815 10.34978326
0.83405819 10.35535059
0.83397907 10.36565416
0.83385911 10.20232562
0.83373915 10.17114293
0.83361919 10.19036442
0.83354007 10.21129169
0.83342011 10.22908815
0.83330015 10.24781588
0.83318019 10.26503756
0.83306023 10.28560257
0.83294027 10.30504065
0.83282031 10.32351525
0.83270290 10.34004589
0.83262123 10.36052480
0.83250127 10.37179516
0.83238386 10.38173085
0.83230219 10.39500360
0.83218478 10.40528296
0.83206482 10.41849640
0.83198315 10.43761718
0.83186574 10.45215831
0.83174578 10.46532092
0.83162582 10.47618840
0.83154415 10.48579308
0.83142674 10.40851178
0.83134507 10.28592400
0.83122511 10.30675278
0.83110770 10.32182929
0.83102603 10.34032049
0.83090607 10.35131796
0.83082695 10.36614808
0.83070699 10.37863653
0.83058703 10.39068353
0.83050791 10.40972015
0.83038795 10.42489772
0.83027054 10.43970015
0.83018887 10.45616218
0.83006891 10.46734375
0.82998979 10.48477235
0.82991066 10.48603886
0.82983154 10.48146672
0.82974987 10.48369200
0.82962991 10.48765442
0.82955079 10.50324393
0.82943083 10.51826788
0.82931087 10.53587357
0.82919346 10.55514095
0.82907350 10.57619979
0.82895354 10.59510672
0.82883358 10.57206691
0.82875446 10.43974928
0.82863450 10.46257390
0.82851454 10.48184604
0.82839458 10.49642976
0.82831546 10.51244767
0.82819550 10.52053418
0.82811638 10.53246814
0.82799642 10.53985636
0.82791730 10.55446810
0.82779734 10.56366173
0.82767738 10.57684892
0.82759826 10.59666782
0.82747830 10.61420324
0.82735834 10.63417963
0.82723838 10.65187678
0.82711842 10.66728467
0.82699846 10.68181387
0.82687850 10.69989624
0.82676110 10.71977129
0.82664114 10.73681343
0.82652118 10.75403507
0.82640122 10.76799491
0.82632210 10.77565808
0.82620214 10.68425758
0.82608218 10.59893201
0.82600306 10.61448192
0.82588310 10.61445982
0.82580142 10.61609692
0.82572230 10.61894093
0.82564318 10.62504087
0.82552322 10.62982159
0.82544410 10.64306985
0.82532414 10.65435365
0.82520418 10.66990427
0.82512506 10.69373896
0.82500510 10.71727002
0.82488514 10.73878577
0.82476518 10.76060124
0.82464522 10.77726107
0.82452782 10.79192961
0.82444614 10.80813731
0.82432618 10.81702150
0.82420622 10.82534183
0.82412710 10.83963787
0.82400714 10.84700534
0.82392802 10.85858952
0.82380806 10.82935126
0.82372894 10.70340867
0.82360898 10.71574486
0.82352986 10.73083703
0.82340990 10.73952060
0.82333078 10.75174774
0.82321082 10.75961990
0.82313169 10.77242665
0.82305002 10.78452477
0.82293006 10.79538952
0.82281265 10.80723740
0.82273098 10.82455501
0.82261357 10.83139742
0.82253190 10.84810156
0.82241194 10.86346474
0.82229198 10.88122150
0.82217457 10.90485623
0.82205461 10.92312824
0.82197294 10.94681725
0.82185553 10.96375935
0.82173557 10.97700511
0.82161562 10.98704448
0.82153649 11.00269282
0.82141653 11.01118235
0.82133741 11.02540862
0.82121745 10.90475431
0.82109749 10.88114585
0.82101837 10.90311693
0.82089841 10.91511421
0.82077845 10.92751474
0.82069933 10.94640625
0.82057937 10.96126211
0.82045941 10.97561062
0.82033945 10.99106672
0.82026033 11.01122074
0.82014037 11.02588498
0.82002041 11.03967152
0.81994129 11.05890987
0.81982133 11.07249792
0.81970137 11.08763131
0.81958141 11.10422275
0.81950229 11.12625357
0.81938233 11.14312955
0.81926237 11.16155327
0.81914241 11.18115972
0.81902246 11.20132576
0.81890250 11.22104893
0.81878509 11.23821133
0.81866513 11.25318227
0.81854517 11.11828279
0.81842521 11.10954597
0.81834609 11.13027805
0.81822613 11.13798614
0.81814701 11.14845845
0.81802705 11.15143057
0.81794538 11.16423931
0.81782542 11.17953854
0.81770801 11.19811956
0.81758805 11.21354417
0.81746809 11.22966430
0.81738897 11.24872341
0.81726901 11.25893578
0.81714905 11.26643874
0.81706993 11.28029866
0.81694997 11.28793376
0.81687085 11.30053490
0.81675089 11.31043938
0.81663093 11.31811063
0.81654925 11.33014811
0.81643185 11.33397322
0.81635017 11.34118114
0.81623021 11.34487774
0.81611281 11.35334646
0.81599285 11.25666981
0.81587289 11.23897158
0.81579377 11.25945918
0.81567381 11.26330946
0.81559469 11.26575273
0.81551301 11.26163669
0.81543389 11.25486488
0.81535477 11.25405169
0.81527309 11.25799622
0.81515569 11.26027157
0.81507401 11.27550535
0.81495405 11.28899297
0.81487493 11.31077014
0.81475497 11.32715278
0.81463501 11.34377638
0.81451761 11.36085670
0.81439765 11.37899136
0.81431597 11.39712354
0.81419857 11.40837433
0.81407861 11.41972566
0.81399693 11.43581902
0.81387953 11.41724777
0.81375957 11.35627798
0.81363961 11.37409662
0.81356049 11.38025966
0.81344053 11.39107009
0.81332057 11.40455349
0.81324144 11.42260237
0.81312149 11.43357360
0.81303981 11.45195397
0.81292240 11.46694052
0.81280245 11.47813062
0.81272332 11.49461583
0.81260336 11.50197860
0.81252169 11.51627651
0.81240173 11.47656908
0.81228432 11.48821200
0.81216436 11.50999049
0.81204441 11.53177620
0.81192445 11.55039901
0.81180449 11.56866437
0.81168453 11.58711116
0.81156457 11.60726964
0.81148545 11.63334351
0.81136549 11.65200431
0.81124553 11.66696406
0.81112557 11.67604552
0.81104645 11.69256971
0.81092649 11.70445866
0.81080653 11.71691054
0.81068912 11.73168315
0.81060745 11.75139778
0.81049004 11.76456685
0.81037008 11.77636099
0.81028841 11.79187945
0.81017100 11.79705860
0.81005104 11.72717342
0.80996937 11.69138373
0.80984941 11.71396591
0.80973200 11.72766172
0.80961204 11.73956297
0.80953037 11.75416764
0.80941296 11.76241834
0.80933129 11.77110047
0.80921133 11.77615528
0.80913221 11.78910404
