--- DATOS FILTRADOS Y DESPLAZADOS ---
Origen: Specimen_RawData_1_procesado.txt
Eje X: Lambda (Stretch) | Eje Y: Stress (kPa)

Lambda Stress
1.00000000 0.00000000
0.99986266 0.00019386
0.99977207 0.00142348
0.99963472 0.00248883
0.99949737 0.00621230
0.99940678 0.00412694
0.99926944 0.00554960
0.99917884 0.00802585
0.99904150 0.00700652
0.99895091 0.00786304
0.99881356 0.01126689
0.99867621 0.01033371
0.99858562 0.01199831
0.99844828 0.01439936
0.99835769 0.01627900
0.99822034 0.01654890
0.99808299 0.01744195
0.99794565 0.01941445
0.99780830 0.02041757
0.99771771 0.02313368
0.99758036 0.02330309
0.99744302 0.02503866
0.99730567 0.02797582
0.99721508 0.02708272
0.99707773 0.03014796
0.99694039 0.03017389
0.99680304 0.03111779
0.99671245 0.03443253
0.99657510 0.03583109
0.99643776 0.03847927
0.99630041 0.03898977
0.99616599 0.03917872
0.99602864 0.04189239
0.99593513 0.04233535
0.99580070 0.04424027
0.99566336 0.04477357
0.99556984 0.04642774
0.99547925 0.04857243
0.99534191 0.04772696
0.99525132 0.05009831
0.99511397 0.04908668
0.99502338 0.05306773
0.99488603 0.05378286
0.99479544 0.05568487
0.99465810 0.05690920
0.99456751 0.05660454
0.99443016 0.05836264
0.99433957 0.06017068
0.99420222 0.06064403
0.99411163 0.06211961
0.99401812 0.06448609
0.99388077 0.06274843
0.99379018 0.06617484
0.99365284 0.06734603
0.99351549 0.06863944
0.99337814 0.07039853
0.99324372 0.07323540
0.99310637 0.07520139
0.99301286 0.07719493
0.99287844 0.07890718
0.99274109 0.07991482
0.99264758 0.07956552
0.99251315 0.08218323
0.99237581 0.08362458
0.99223846 0.08302554
0.99214787 0.08421838
0.99201052 0.08578706
0.99191993 0.08841805
0.99178259 0.08974663
0.99164524 0.09087879
0.99155465 0.09363632
0.99141730 0.09558727
0.99127996 0.09806970
0.99118644 0.09923532
0.99105202 0.10082241
0.99091467 0.10365719
0.99077733 0.10387408
0.99063998 0.10624868
0.99054939 0.10826084
0.99041204 0.11087826
0.99027470 0.11182662
0.99013735 0.11267681
0.99000000 0.11425956
0.98986266 0.11797903
0.98972531 0.12050038
0.98959088 0.12083453
0.98945354 0.12066264
0.98931619 0.12513471
0.98922560 0.12590812
0.98913209 0.12740195
0.98899474 0.12762519
0.98890415 0.12978237
0.98876681 0.13055381
0.98867621 0.13249650
0.98853887 0.13371212
0.98840152 0.13604265
0.98826710 0.13712837
0.98812975 0.13905514
0.98803624 0.13983197
0.98790181 0.14371221
0.98780830 0.14328830
0.98767095 0.14354401
0.98753361 0.14558954
0.98744302 0.14721027
0.98730567 0.14927874
0.98721508 0.14938307
0.98707773 0.15215623
0.98694039 0.15480664
0.98680304 0.15417136
0.98671245 0.15715768
0.98657510 0.15742807
0.98643776 0.15776516
0.98634717 0.15892575
0.98625658 0.16159347
0.98616599 0.16100897
0.98607247 0.16033398
0.98593805 0.16391394
0.98584454 0.16406490
0.98575395 0.16508996
0.98561660 0.16552195
0.98547925 0.16745352
0.98534483 0.16628750
0.98525132 0.17000114
0.98516073 0.17109122
0.98507014 0.17222955
0.98493279 0.17417033
0.98479544 0.17354404
0.98465810 0.17688490
0.98452075 0.17878108
0.98438340 0.18085839
0.98424606 0.18281361
0.98415547 0.18521572
0.98401812 0.18704216
0.98388077 0.18828006
0.98374635 0.18992900
0.98360900 0.19168671
0.98351549 0.19222040
0.98338107 0.19438236
0.98328755 0.19574498
0.98315313 0.19492095
0.98305962 0.19772365
0.98292227 0.20050072
0.98278785 0.20095881
0.98269433 0.20291223
0.98255699 0.20370266
0.98241964 0.20682729
0.98228522 0.20869260
0.98219170 0.20929523
0.98205436 0.21151032
0.98191993 0.21295662
0.98182642 0.21347970
0.98168907 0.21490118
0.98155465 0.21653323
0.98141730 0.21679375
0.98132379 0.21773854
0.98118937 0.22216485
0.98105202 0.22298545
0.98091467 0.22283381
0.98082408 0.22556329
0.98068673 0.22688952
0.98054939 0.22765408
0.98045880 0.23043581
0.98032145 0.23210407
0.98018410 0.23237859
0.98004676 0.23312321
0.97995617 0.23513055
0.97981882 0.23723051
0.97968147 0.23767231
0.97954413 0.24067467
0.97940678 0.24270594
0.97926944 0.24317031
0.97913501 0.24055090
0.97899766 0.23767958
0.97890415 0.24023716
0.97881356 0.24358853
0.97867621 0.24278203
0.97858562 0.24574685
0.97844828 0.24811692
0.97835769 0.24867968
0.97822034 0.25008594
0.97812975 0.25248255
0.97803624 0.25522742
0.97790181 0.25685407
0.97780830 0.25699437
0.97767095 0.26059162
0.97758036 0.26014829
0.97744302 0.26446480
0.97735243 0.26459782
0.97721508 0.26708591
0.97712449 0.26894830
0.97698714 0.27122451
0.97684980 0.27345777
0.97671245 0.27369708
0.97657803 0.27853382
0.97644068 0.27993612
0.97630333 0.28272980
0.97616599 0.28401065
0.97607540 0.28540610
0.97593805 0.28708172
0.97580070 0.28843285
0.97571011 0.29028256
0.97557277 0.29198619
0.97543542 0.29259837
0.97534483 0.29528544
0.97520748 0.29614830
0.97507014 0.29574681
0.97493279 0.29800453
0.97484220 0.29837142
0.97470485 0.29762218
0.97456751 0.30157230
0.97447692 0.30133985
0.97433957 0.30154169
0.97424898 0.30300259
0.97411163 0.30501065
0.97401812 0.30653619
0.97388370 0.30616265
0.97374635 0.30718223
0.97365284 0.30930448
0.97351841 0.30962380
0.97338107 0.31155046
0.97324372 0.31242459
0.97310637 0.31548503
0.97296903 0.31730772
0.97283168 0.31721246
0.97274109 0.31958749
0.97260374 0.32312785
0.97246640 0.32298354
0.97232905 0.32583540
0.97223846 0.32767643
0.97210111 0.32636755
0.97196377 0.32853109
0.97182642 0.32905346
0.97169200 0.33397696
0.97159848 0.33431216
0.97146114 0.33510718
0.97132671 0.33739829
0.97123320 0.33878167
0.97109585 0.33990294
0.97100526 0.34020145
0.97086792 0.34241210
0.97073057 0.34203098
0.97063998 0.34349614
0.97050263 0.34336483
0.97036821 0.34632353
0.97023086 0.34631059
0.97013735 0.35009460
0.97000292 0.35269932
0.96986558 0.35459462
0.96977207 0.35573447
0.96963472 0.35724187
0.96954413 0.35925554
0.96940678 0.36000658
0.96926944 0.36200557
0.96917884 0.36408883
0.96904150 0.36580104
0.96890415 0.36658564
0.96881356 0.37048505
0.96872297 0.37138369
0.96863238 0.37001320
0.96853887 0.37297179
0.96840444 0.37433658
0.96831093 0.37500790
0.96817651 0.37796255
0.96803916 0.37918843
0.96790181 0.38213453
0.96781122 0.38333872
0.96767388 0.38483560
0.96753653 0.38612424
0.96739918 0.38973676
0.96730859 0.39093895
0.96717125 0.39308511
0.96703390 0.39444210
0.96689655 0.39588737
0.96675921 0.39684618
0.96666862 0.39913616
0.96653127 0.39992805
0.96639392 0.40253753
0.96625658 0.40329868
0.96611923 0.40569918
0.96598188 0.40640598
0.96589129 0.40927788
0.96575395 0.41135039
0.96561660 0.41067716
0.96552601 0.41312107
0.96538866 0.41458243
0.96525132 0.41647478
0.96516073 0.41837860
0.96502338 0.42086651
0.96488603 0.42091850
0.96475161 0.42157975
0.96465810 0.42329746
0.96452075 0.42437650
0.96438633 0.42903485
0.96429281 0.42947506
0.96415839 0.43083046
0.96402104 0.43228477
0.96388370 0.43383287
0.96379311 0.43721159
0.96365576 0.43842770
0.96356225 0.43946173
0.96342490 0.44083022
0.96333431 0.44221825
0.96319696 0.44313158
0.96305962 0.44600768
0.96292519 0.44724486
0.96278785 0.45030750
0.96265050 0.45227883
0.96251315 0.45209903
0.96242256 0.45434938
0.96228522 0.45644237
0.96219463 0.45837929
0.96210111 0.45825980
0.96201052 0.45894782
0.96187318 0.46124446
0.96178259 0.46243204
0.96169200 0.46218929
0.96155465 0.46541959
0.96146406 0.46565881
0.96132671 0.46645220
0.96123320 0.46780161
0.96109877 0.46897151
0.96100526 0.47274234
0.96086792 0.47383920
0.96073349 0.47489547
0.96063998 0.47621301
0.96054939 0.47860063
0.96041204 0.47948385
0.96027470 0.48101273
0.96018410 0.48197715
0.96004676 0.48383959
0.95990941 0.48723347
0.95977207 0.48927596
0.95963764 0.49074948
0.95950029 0.49276101
0.95940970 0.49415082
0.95927236 0.49438361
0.95913501 0.49656909
0.95904150 0.49756935
0.95890707 0.49909792
0.95881356 0.50006224
0.95867621 0.50141852
0.95854179 0.50302736
0.95844828 0.50462915
0.95831093 0.50558524
0.95817651 0.50687009
0.95803916 0.50944142
0.95790181 0.51067091
0.95781122 0.51374061
0.95767388 0.51340596
0.95753653 0.51534187
0.95739918 0.51620038
0.95730859 0.51727212
0.95717125 0.51880245
0.95703390 0.52125607
0.95694331 0.52299889
0.95680596 0.52362676
0.95666862 0.52599027
0.95653127 0.52760475
0.95639392 0.52957492
0.95621274 0.53122003
0.95607540 0.53345121
0.95598481 0.53613575
0.95584746 0.53511300
0.95571011 0.53749965
0.95561952 0.53841357
0.95548218 0.53914130
0.95534483 0.54174157
0.95525424 0.54379777
0.95511689 0.54605203
0.95497955 0.54902264
0.95484220 0.54893087
0.95475161 0.55031987
0.95461426 0.55149256
0.95452367 0.55243190
0.95443016 0.55373660
0.95429281 0.55639942
0.95420222 0.55928916
0.95406488 0.55954434
0.95392753 0.56154636
0.95383694 0.56237254
0.95369959 0.56603239
0.95356225 0.56577928
0.95342782 0.56984582
0.95333431 0.57033105
0.95319696 0.57238658
0.95310637 0.57528103
0.95296903 0.57565397
0.95287844 0.57718622
0.95274109 0.57851781
0.95260374 0.58119742
0.95246640 0.58300991
0.95237581 0.58482465
0.95228522 0.58648200
0.95219463 0.58505384
0.95210111 0.58648243
0.95201052 0.58855699
0.95187318 0.58998861
0.95173875 0.59120641
0.95160140 0.59433187
0.95150789 0.59630336
0.95132671 0.59714349
0.95118937 0.59855993
0.95105202 0.60111267
0.95091467 0.60144881
0.95077733 0.60405778
0.95068673 0.60467032
0.95054939 0.60659943
0.95041204 0.61002880
0.95027470 0.61161403
0.95014027 0.61145643
0.95004676 0.61292848
0.94995617 0.61167376
0.94981882 0.61343678
0.94972823 0.61307397
0.94963764 0.61467390
0.94954413 0.61518902
0.94940970 0.61751325
0.94931619 0.61802770
0.94918177 0.61812860
0.94908825 0.62191719
0.94895091 0.62109557
0.94881648 0.62479847
0.94867914 0.62720858
0.94854179 0.62791223
0.94844828 0.63041260
0.94831385 0.63166036
0.94817651 0.63400348
0.94803916 0.63577943
0.94790181 0.63779139
0.94776447 0.63925962
0.94762712 0.64247664
0.94748977 0.64298488
0.94735243 0.64403534
0.94721800 0.64535270
0.94712449 0.64929369
0.94698714 0.65084397
0.94685272 0.65206100
0.94675921 0.65346143
0.94662478 0.65553652
0.94648744 0.65677276
0.94639392 0.65974525
0.94625658 0.66061125
0.94612215 0.66211842
0.94602864 0.66397081
0.94589129 0.66766346
0.94580070 0.66943586
0.94566336 0.67422020
0.94557277 0.67315255
0.94543542 0.67671982
0.94529807 0.67848414
0.94520748 0.67970091
0.94507014 0.68389770
0.94493279 0.68870831
0.94484220 0.68723681
0.94470485 0.69037731
0.94461426 0.69308049
0.94447692 0.69327517
0.94438633 0.69645411
0.94424898 0.69849272
0.94415839 0.70216981
0.94406488 0.70229849
0.94393045 0.70428534
0.94383694 0.70620568
0.94369959 0.70845858
0.94360900 0.71019616
0.94347166 0.71160917
0.94333431 0.71525438
0.94319989 0.71840112
0.94306254 0.72295572
0.94297195 0.72244058
0.94283460 0.72614955
0.94269726 0.72735651
0.94255991 0.72816150
0.94246932 0.73109137
0.94233197 0.73249704
0.94219463 0.73654404
0.94210403 0.73496137
0.94196669 0.73853088
0.94182934 0.73968160
0.94173875 0.74362034
0.94160140 0.74513599
0.94146406 0.74778452
0.94132671 0.74867457
0.94123612 0.75073181
0.94109877 0.75446483
0.94096143 0.75636545
0.94082408 0.75864275
0.94068673 0.76075318
0.94059614 0.76325841
0.94045880 0.76658486
0.94032145 0.76649729
0.94018410 0.76722687
0.94004968 0.77331278
0.93991233 0.77370343
0.93977499 0.77810931
0.93968147 0.78112563
0.93954705 0.78343549
0.93940970 0.78330389
0.93931911 0.78369459
0.93918177 0.78632505
0.93908825 0.78627299
0.93895091 0.78953518
0.93886032 0.79093427
0.93872297 0.79503275
0.93858562 0.79606152
0.93845120 0.79915076
0.93831385 0.80241265
0.93817651 0.80430529
0.93803916 0.80558735
0.93790181 0.80817912
0.93781122 0.80707233
0.93772063 0.81145648
0.93762712 0.81171909
0.93753653 0.81396603
0.93744594 0.81387227
0.93730859 0.81412575
0.93721800 0.81728185
0.93708066 0.82128455
0.93699007 0.82067180
0.93685272 0.82521846
0.93676213 0.82824571
0.93662478 0.82863195
0.93648744 0.82981961
0.93639685 0.83351535
0.93625950 0.83548589
0.93612215 0.83891041
0.93602864 0.83891197
0.93589422 0.84116143
0.93580070 0.84280991
0.93571011 0.84569911
0.93561952 0.84631584
0.93548218 0.84949038
0.93539159 0.85006084
0.93525424 0.85330152
0.93511689 0.85568384
0.93497955 0.85839988
0.93484220 0.86087645
0.93470485 0.86441825
0.93456751 0.86805496
0.93443308 0.87055361
0.93429574 0.87335981
0.93420515 0.87389710
0.93406780 0.87645783
0.93397429 0.88023798
0.93383986 0.87987637
0.93374635 0.88319020
0.93360900 0.88391206
0.93347166 0.88454856
0.93338107 0.88730819
0.93324372 0.89065494
0.93310637 0.89364371
0.93297195 0.89498220
0.93287844 0.89758218
0.93274109 0.90081657
0.93260666 0.90238450
0.93246932 0.90511318
0.93237581 0.90557819
0.93224138 0.90804277
0.93214787 0.91036653
0.93201052 0.91386556
0.93187610 0.91560374
0.93173875 0.91633229
0.93160140 0.91915563
0.93146406 0.92216971
0.93132671 0.92463487
0.93118937 0.92876963
0.93105202 0.93093880
0.93091467 0.93226066
0.93078025 0.93585866
0.93068673 0.93719146
0.93055231 0.93915173
0.93041496 0.94016039
0.93032145 0.94332383
0.93018703 0.94502788
0.93009351 0.94700599
0.92995617 0.95047989
0.92981882 0.95139468
0.92968440 0.95276875
0.92954705 0.95578855
0.92945354 0.95855687
0.92931911 0.96007482
0.92922560 0.96285840
0.92908825 0.96373523
0.92899766 0.96595254
0.92886032 0.96677758
0.92872297 0.94586770
0.92863238 0.91193950
0.92849503 0.89183943
0.92840444 0.87984465
0.92826710 0.87223610
0.92817651 0.86834106
0.92803916 0.86903684
0.92794857 0.87057098
0.92781122 0.87626557
0.92772063 0.88000559
0.92758329 0.88328707
0.92749270 0.88833877
0.92735535 0.89035976
0.92726476 0.89309606
0.92712741 0.89669228
0.92703390 0.89961972
0.92689655 0.90349937
0.92680596 0.90739310
0.92666862 0.91149969
0.92653127 0.91383253
0.92639685 0.91653782
0.92625950 0.92168801
0.92612215 0.92579924
0.92598481 0.92679330
0.92589422 0.93104812
0.92575687 0.93427556
0.92566628 0.93641639
0.92552893 0.94028544
0.92543834 0.94063857
0.92534483 0.94518660
0.92520748 0.94911898
0.92511689 0.94999102
0.92497955 0.95472666
0.92484220 0.95694848
0.92470485 0.95990197
0.92461426 0.96386985
0.92447692 0.96616658
0.92433957 0.97008903
0.92420515 0.97407504
0.92406780 0.97407123
0.92397429 0.97771095
0.92383986 0.98203937
0.92374635 0.98216331
0.92360900 0.98499432
0.92347458 0.98973744
0.92338107 0.99203727
0.92324372 0.99483653
0.92310929 0.99733708
0.92297195 1.00246056
0.92283460 1.00377181
0.92274401 1.00646153
0.92260666 1.01126227
0.92246932 1.01136635
0.92237873 1.01526314
0.92224138 1.01752874
0.92210403 1.01884594
0.92201344 1.02372569
0.92187610 1.02589888
0.92173875 1.02745280
0.92160140 1.03156199
0.92142022 1.03534656
0.92128288 1.03537192
0.92118937 1.04130209
0.92105494 1.04207017
0.92096143 1.04374669
0.92082408 1.04428714
0.92073349 1.04668424
0.92059614 1.04774635
0.92050555 1.05142086
0.92036821 1.05248142
0.92023086 1.05529768
0.92014027 1.05742966
0.92000292 1.05889362
0.91991233 1.06105758
0.91977499 1.06350873
0.91963764 1.06501470
0.91954705 1.06851460
0.91940970 1.07114574
0.91927236 1.07281547
0.91918177 1.07320444
0.91909118 1.07526345
0.91899766 1.07634662
0.91890707 1.07748920
0.91876973 1.07820186
0.91867914 1.08016994
0.91854179 1.08095916
0.91840444 1.08454738
0.91826710 1.08617753
0.91812975 1.08951915
0.91799533 1.09142319
0.91785798 1.09527173
0.91772063 1.09675381
0.91758329 1.09903246
0.91749270 1.10011322
0.91735535 1.10144918
0.91726476 1.10001087
0.91712741 1.10511992
0.91699007 1.10655330
0.91689948 1.10754315
0.91676213 1.10928499
0.91667154 1.11005278
0.91653419 1.11340766
0.91639685 1.11448364
0.91630333 1.11623483
0.91616891 1.11858507
0.91603156 1.12097389
0.91589422 1.12269874
0.91580363 1.12485487
0.91566628 1.12622468
0.91552893 1.12974138
0.91539159 1.13266590
0.91525424 1.13339816
0.91511689 1.13555350
0.91497955 1.13804982
0.91484512 1.14024078
0.91470778 1.14278447
0.91461426 1.14500028
0.91447692 1.14635118
0.91434249 1.14863749
0.91424898 1.14845936
0.91411163 1.15044198
0.91397721 1.15299575
0.91383986 1.15705818
0.91374635 1.15738520
0.91361192 1.15939073
0.91351841 1.15951343
0.91338107 1.16168894
0.91329048 1.16207451
0.91315313 1.16297200
0.91306254 1.16580520
0.91292519 1.16472672
0.91283460 1.16711859
0.91269726 1.16900360
0.91260666 1.16982154
0.91246932 1.17221629
0.91237873 1.17293991
0.91224138 1.17527799
0.91210403 1.17734026
0.91201344 1.17895239
0.91187610 1.18201250
0.91178551 1.18248657
0.91164816 1.18398543
0.91155465 1.18594162
0.91142022 1.18648892
0.91132671 1.18869086
0.91118937 1.19081235
0.91105494 1.19062285
0.91096143 1.19278982
0.91082408 1.19402050
0.91073349 1.19739733
0.91059614 1.19718462
0.91046172 1.19776604
0.91036821 1.20141476
0.91023086 1.20268568
0.91009644 1.20415814
0.91000292 1.20522941
0.90986558 1.20716648
0.90972823 1.20810065
0.90959381 1.21106472
0.90950029 1.21370464
0.90936295 1.21436836
0.90922852 1.21509143
0.90913501 1.21999383
0.90900059 1.21997689
0.90886324 1.22112485
0.90872589 1.22524634
0.90863238 1.22546948
0.90849796 1.22742380
0.90836061 1.22979275
0.90826710 1.23240240
0.90813267 1.23316846
0.90799533 1.23389606
0.90790181 1.23641605
0.90776739 1.23836516
0.90763004 1.23990960
0.90749270 1.24133862
0.90740211 1.24486460
0.90726476 1.24700107
0.90712741 1.24747830
0.90699007 1.24977116
0.90685272 1.25264088
0.90671537 1.25337231
0.90657803 1.25612532
0.90644360 1.25846278
0.90630626 1.26045055
0.90616891 1.26278594
0.90603156 1.26539250
0.90589422 1.26633168
0.90580363 1.26785213
0.90566628 1.26747294
0.90557569 1.26955852
0.90548218 1.27193189
0.90534483 1.27161144
0.90525424 1.27381487
0.90511689 1.27540827
0.90497955 1.27740865
0.90484512 1.27912536
0.90470778 1.28130318
0.90457043 1.28415924
0.90443308 1.28635109
0.90434249 1.28771215
0.90420515 1.28913636
0.90411455 1.28924728
0.90402104 1.29030825
0.90388662 1.29001534
0.90379311 1.29121133
0.90370252 1.29246130
0.90356517 1.29513583
0.90347458 1.29542970
0.90333723 1.29655635
0.90319989 1.29903283
0.90306254 1.29997353
0.90297195 1.30149682
0.90283460 1.30308687
0.90269726 1.30305558
0.90260666 1.30518964
0.90251607 1.30737180
0.90242256 1.30480730
0.90228814 1.30591817
0.90219463 1.30764916
0.90205728 1.30685256
0.90192285 1.30866566
0.90178551 1.31110545
0.90164816 1.31428000
0.90151081 1.31442868
0.90137347 1.31626479
0.90128288 1.31809421
0.90114553 1.31936084
0.90100818 1.32104305
0.90091759 1.31998927
0.90078025 1.32095704
0.90068966 1.32223786
0.90059614 1.32211307
0.90046172 1.32373889
0.90036821 1.32429968
0.90023378 1.32444450
0.90014027 1.32488058
0.90000292 1.32622298
0.89986850 1.32672843
0.89977499 1.32832926
0.89963764 1.32960494
0.89950029 1.33101476
0.89936587 1.33346518
0.89922852 1.33583308
0.89909118 1.33732644
0.89895383 1.33833387
0.89886324 1.33939155
0.89872589 1.33972433
0.89858855 1.34165679
0.89845120 1.34459549
0.89831385 1.34547028
0.89817651 1.34627990
0.89803916 1.34798793
0.89790474 1.35007236
0.89781122 1.35043105
0.89767680 1.35225571
0.89753945 1.35267493
0.89744594 1.35550670
0.89731152 1.35480690
0.89717417 1.35569253
0.89708066 1.35792531
0.89694331 1.35783690
0.89685272 1.36047205
0.89671537 1.36212887
0.89658095 1.34410434
0.89644360 1.31482446
0.89635009 1.29472186
0.89621274 1.28159947
0.89607832 1.27017321
0.89598481 1.26496387
0.89584746 1.26077714
0.89571304 1.26006841
0.89561952 1.26090801
0.89548218 1.26333079
0.89539159 1.26828779
0.89525424 1.27179621
0.89511982 1.27497638
0.89502630 1.28042152
0.89488896 1.28263910
0.89475161 1.28549841
0.89466102 1.29044105
0.89452367 1.29413290
0.89443308 1.29724124
0.89429574 1.29999862
0.89415839 1.30387333
0.89406780 1.30724591
0.89393045 1.31170606
0.89383986 1.31454124
0.89370252 1.31801388
0.89361192 1.32170808
0.89347458 1.32448264
0.89333723 1.32656624
0.89324664 1.33213310
0.89310929 1.33442251
0.89297195 1.33802517
0.89288136 1.33999707
0.89274401 1.34423798
0.89260666 1.34642633
0.89246932 1.34957996
0.89237873 1.35120667
0.89224138 1.35720801
0.89210403 1.35804125
0.89196669 1.36126407
0.89182934 1.36468273
0.89173875 1.36881188
0.89160140 1.36981731
0.89146698 1.37401102
0.89132963 1.37521711
0.89123612 1.37642521
0.89110170 1.37887241
0.89096435 1.38410897
0.89087084 1.38641737
0.89073349 1.38754968
0.89059907 1.38937977
0.89050555 1.39160061
0.89036821 1.39353969
0.89023378 1.39940067
0.89014027 1.39956473
0.89000292 1.40205911
0.88986850 1.40718068
0.88973115 1.40872555
0.88959381 1.41147639
0.88950322 1.41301046
0.88936587 1.41586010
0.88922852 1.41898467
0.88913793 1.41993740
0.88900059 1.42159366
0.88891000 1.42311907
0.88881648 1.42587477
0.88867914 1.42850009
0.88854179 1.42932465
0.88845120 1.43114470
0.88831385 1.43342731
0.88817651 1.43588914
0.88804208 1.43922620
0.88794857 1.44021439
0.88781415 1.44212274
0.88772063 1.44386808
0.88758329 1.44537583
0.88749270 1.44775186
0.88735535 1.44827765
0.88721800 1.45063599
0.88712741 1.45209854
0.88699007 1.45581068
0.88689948 1.45482011
0.88676213 1.45785770
0.88667154 1.45954010
0.88653419 1.46071242
0.88639685 1.46185228
0.88630626 1.46571780
0.88616891 1.46682942
0.88607832 1.46916956
0.88598481 1.46931298
0.88589422 1.47002346
0.88575687 1.46904479
0.88566628 1.46964910
0.88557569 1.47229306
0.88543834 1.47353298
0.88530100 1.47590264
0.88516365 1.47822883
0.88502630 1.48046936
0.88489188 1.48257303
0.88475453 1.48464239
0.88461719 1.48797719
0.88447984 1.48882007
0.88438925 1.49091207
0.88425190 1.49143721
0.88415839 1.49164886
0.88402396 1.49330322
0.88393045 1.49528031
0.88379311 1.49492321
0.88365868 1.49794024
0.88356517 1.49865064
0.88342782 1.49972525
0.88329340 1.50072716
0.88315605 1.50251657
0.88306254 1.50605774
0.88292811 1.50768887
0.88279077 1.50892792
0.88270018 1.51127310
0.88256283 1.51160570
0.88242548 1.51448373
0.88233489 1.51460182
0.88219755 1.51638416
0.88206020 1.51861238
0.88196669 1.51981040
0.88183226 1.52238017
0.88169492 1.52419547
0.88155757 1.52536366
0.88142022 1.52672545
0.88128288 1.53037058
0.88114553 1.53057534
0.88100818 1.53382928
0.88087084 1.53566478
0.88073641 1.53523995
0.88059907 1.53678542
0.88050555 1.53980172
0.88037113 1.53844227
0.88027762 1.53988414
0.88014027 1.54021066
0.88004968 1.54174259
0.87991233 1.54471971
0.87977499 1.54477199
0.87968440 1.54747017
0.87954705 1.54965300
0.87940970 1.54960410
0.87931911 1.55139922
0.87918177 1.55398244
0.87904734 1.55591228
0.87895383 1.55561002
0.87881648 1.55885470
0.87872589 1.55798381
0.87858855 1.56026421
0.87849796 1.56068471
0.87836061 1.56209555
0.87827002 1.56387967
0.87813267 1.56564955
0.87804208 1.56661715
0.87790474 1.56723611
0.87781415 1.56835437
0.87767680 1.56970349
0.87758329 1.56972200
0.87744886 1.57202755
0.87735535 1.57182620
0.87721800 1.57243177
0.87712741 1.57491973
0.87699007 1.57773085
0.87685272 1.57725971
0.87676213 1.57993295
0.87662478 1.58007638
0.87649036 1.58284398
0.87639685 1.58561650
0.87625950 1.58595082
0.87612508 1.58550555
0.87603156 1.58632735
0.87589422 1.58882739
0.87580363 1.59132217
0.87566628 1.59194551
0.87552893 1.59433302
0.87539159 1.59518396
0.87530100 1.59833105
0.87516365 1.59957586
0.87502630 1.59910338
0.87493571 1.59849272
0.87479837 1.60064610
0.87466102 1.60092161
0.87452659 1.60348095
0.87438925 1.60455033
0.87425190 1.60753095
0.87416131 1.60886695
0.87402396 1.61031308
0.87393337 1.61158045
0.87379603 1.61282261
0.87365868 1.61513850
0.87352133 1.61685635
0.87343074 1.61775283
0.87329340 1.62048076
0.87315605 1.62297390
0.87301870 1.62566279
0.87288136 1.62765039
0.87274401 1.62909261
0.87260666 1.63209392
0.87247224 1.63195643
0.87237873 1.63402666
0.87224138 1.63614923
0.87210403 1.63785637
0.87201344 1.63818191
0.87187610 1.64101614
0.87173875 1.64224448
0.87160433 1.64443208
0.87151081 1.64661052
0.87137347 1.64834325
0.87123904 1.65077079
0.87114553 1.65137467
0.87100818 1.65158480
0.87091759 1.65321435
0.87078025 1.65507222
0.87068966 1.65626121
0.87055231 1.65886132
0.87041496 1.66204891
0.87032437 1.66387622
0.87018703 1.66391153
0.87004968 1.66611991
0.86995909 1.66767162
0.86982174 1.66950129
0.86968440 1.67459588
0.86959381 1.67307563
0.86945646 1.67340157
0.86931911 1.67521221
0.86922852 1.67773447
0.86913793 1.67817324
0.86904734 1.67898804
0.86895383 1.68001597
0.86881648 1.68057078
0.86872589 1.68294548
0.86858855 1.68445195
0.86845120 1.68491727
0.86831678 1.68822211
0.86817943 1.69144505
0.86804208 1.69293713
0.86795149 1.69533719
0.86781415 1.69827317
0.86767680 1.70036922
0.86758621 1.69976812
0.86744886 1.70259798
0.86735827 1.70347713
0.86722093 1.70529732
0.86712741 1.70628539
0.86699007 1.70677824
0.86685564 1.70848617
0.86676213 1.71121400
0.86662478 1.71354328
0.86649036 1.71468853
0.86635301 1.71833995
0.86621567 1.72071165
0.86607832 1.72038829
0.86598773 1.72185649
0.86585038 1.72174798
0.86571304 1.72348539
0.86562245 1.72497750
0.86548510 1.72793325
0.86534775 1.72970866
0.86516365 1.73200828
0.86502922 1.73476315
0.86489188 1.73581794
0.86479837 1.73740440
0.86466394 1.73824618
0.86457043 1.74032287
0.86443308 1.74290514
0.86434249 1.74224066
0.86420515 1.74427372
0.86411455 1.74764005
0.86397721 1.74783982
0.86383986 1.75014085
0.86370544 1.75024583
0.86356809 1.75282596
0.86347458 1.75635207
0.86334015 1.75785498
0.86320281 1.75849525
0.86310929 1.76113443
0.86297195 1.76232992
0.86288136 1.76260688
0.86274401 1.76529178
0.86265342 1.76817099
0.86251607 1.76875088
0.86237873 1.76883537
0.86228814 1.77172729
0.86215079 1.77272357
0.86201344 1.77520296
0.86192285 1.77642983
0.86178551 1.77775513
0.86164816 1.78022113
0.86155757 1.78211361
0.86142022 1.78352283
0.86132963 1.78510826
0.86119229 1.78826262
0.86105494 1.79077383
0.86096435 1.79150162
0.86087376 1.79258538
0.86073641 1.79365871
0.86064582 1.79603897
0.86050848 1.79523357
0.86041496 1.79904300
0.86028054 1.80166814
0.86014319 1.80390673
0.86000585 1.80588992
0.85986850 1.80769411
0.85977791 1.81014426
0.85964056 1.81336384
0.85950322 1.81607893
0.85936587 1.81843203
0.85922852 1.81899672
0.85909118 1.82115475
0.85900059 1.82300011
0.85886324 1.82626222
0.85872589 1.82738180
0.85863530 1.82982836
0.85849796 1.83183886
0.85836061 1.83452763
0.85827002 1.83553155
0.85813267 1.83726017
0.85799533 1.83754358
0.85790474 1.84090199
0.85776739 1.84214143
0.85763004 1.84460059
0.85749562 1.84700182
0.85740211 1.84752644
0.85726476 1.85079214
0.85713034 1.85294199
0.85699299 1.85418587
0.85685564 1.85624837
0.85676213 1.85723046
0.85662771 1.86036228
0.85653419 1.86062516
0.85639685 1.86253726
0.85626242 1.86566038
0.85616891 1.86510324
0.85603156 1.86728027
0.85589714 1.86895028
0.85575979 1.87127143
0.85566628 1.87289939
0.85553185 1.87557105
0.85543834 1.87644040
0.85530100 1.87956973
0.85516657 1.88052239
0.85502922 1.88143968
0.85493863 1.88382417
0.85480129 1.88546601
0.85466394 1.88738412
0.85457335 1.88844027
0.85443600 1.89027594
0.85434249 1.89140207
0.85420515 1.89275234
0.85411455 1.89408839
0.85397721 1.89441488
0.85388662 1.89818177
0.85374927 1.89874840
0.85361192 1.90042673
0.85352133 1.90198102
0.85338399 1.90317460
0.85324664 1.90483514
0.85310929 1.90797315
0.85301870 1.90940375
0.85288136 1.91134776
0.85279077 1.91281726
0.85270018 1.91206992
0.85260959 1.91223217
0.85251607 1.91363054
0.85242548 1.91383747
0.85228814 1.91675176
0.85219755 1.91678711
0.85206020 1.91925240
0.85192285 1.92037614
0.85183226 1.92388842
0.85169492 1.92515075
0.85155757 1.92729013
0.85142022 1.91632781
0.85128580 1.89372604
0.85119229 1.87986557
0.85105494 1.87146038
0.85091759 1.86231180
0.85078317 1.85766574
0.85068966 1.85743727
0.85055231 1.86020679
0.85041789 1.86315459
0.85032437 1.86674014
0.85018703 1.87218837
0.85009644 1.87630107
0.84995909 1.87848218
0.84982174 1.88191779
0.84968732 1.88728196
0.84959381 1.88863827
0.84945646 1.89307891
0.84936587 1.89637296
0.84922852 1.89867060
0.84909118 1.90264598
0.84895675 1.90479554
0.84881941 1.90919687
0.84868206 1.91243240
0.84859147 1.91554379
0.84845412 1.92090792
0.84831678 1.92253113
0.84817943 1.92570022
0.84804208 1.92918194
0.84790474 1.93376913
0.84776739 1.93588560
0.84767680 1.93923212
0.84753945 1.94128134
0.84740211 1.94515344
0.84726476 1.94665675
0.84713034 1.95157659
0.84699299 1.95306729
0.84689948 1.95502659
0.84676505 1.95983645
0.84662771 1.96134359
0.84653419 1.96317555
0.84639977 1.96553692
0.84630626 1.96737223
0.84617183 1.97032824
0.84603448 1.96987594
0.84594097 1.97232555
0.84580363 1.97491485
0.84571304 1.97688555
0.84557569 1.97917424
0.84543834 1.98080580
0.84534775 1.98388672
0.84521041 1.98540688
0.84511982 1.98784509
0.84498247 1.98981015
0.84489188 1.99252449
0.84475453 1.99383715
0.84466394 1.99578540
0.84452659 1.99679373
0.84443600 1.99829406
0.84434249 1.99831044
0.84420807 2.00078020
0.84411455 2.00301204
0.84397721 2.00413562
0.84384278 2.00646808
0.84370544 2.01028019
0.84356809 2.01231198
0.84343074 2.01356501
0.84334015 2.01846055
0.84320281 2.01874092
0.84306546 2.02221338
0.84292811 2.02418952
0.84283752 2.02528385
0.84270018 2.02750542
0.84256283 2.02909760
0.84247224 2.03020981
0.84233489 2.03153826
0.84224430 2.03344027
0.84210696 2.03459403
0.84201637 2.03586206
0.84192285 2.03891738
0.84178843 2.03818242
0.84165108 2.04177286
0.84155757 2.04282514
0.84142022 2.04445777
0.84128580 2.04675154
0.84114845 2.05062224
0.84101111 2.05159993
0.84087376 2.05287774
0.84078317 2.05473546
0.84064582 2.05787041
0.84050848 2.05996846
0.84037113 2.06208498
0.84028054 2.06220948
0.84014319 2.06636382
0.84000585 2.06603377
0.83986850 2.06776689
0.83973115 2.06997649
0.83964056 2.07295878
0.83950322 2.07455069
0.83936587 2.07626951
0.83927528 2.07766932
0.83913793 2.07918954
0.83900059 2.08075302
0.83886616 2.08301963
0.83877265 2.08381574
0.83863530 2.08803528
0.83849796 2.08856249
0.83840737 2.09011933
0.83827002 2.09200593
0.83813267 2.09217259
0.83804208 2.09462105
0.83790474 2.09594996
0.83781415 2.09705666
0.83767680 2.09842325
0.83753945 2.10191815
0.83740503 2.10310708
0.83731152 2.10553886
0.83717417 2.10653843
0.83703682 2.10891473
0.83694623 2.11125178
0.83680889 2.11183209
0.83671830 2.11370693
0.83658095 2.11547138
0.83649036 2.11655608
0.83635301 2.12016967
0.83621567 2.12076560
0.83607832 2.12331387
0.83598773 2.12627988
0.83589714 2.12598116
0.83580655 2.12715011
0.83571304 2.12706485
0.83557569 2.12886018
0.83548510 2.13085398
0.83534775 2.13174770
0.83521041 2.13425365
0.83511982 2.13629377
0.83498247 2.13787867
0.83484512 2.14021969
0.83471070 2.14291253
0.83457335 2.14548999
0.83443600 2.14776331
0.83429866 2.15136279
0.83420807 2.15358624
0.83407072 2.15596773
0.83393337 2.15553341
0.83384278 2.15945640
0.83370544 2.16006434
0.83356809 2.16282632
0.83347750 2.16318726
0.83334015 2.16528424
0.83324956 2.16749577
0.83311222 2.17077903
0.83297487 2.17155237
0.83288428 2.17454018
0.83274693 2.17568183
0.83260959 2.17794209
0.83247224 2.18071195
0.83233489 2.18298885
0.83219755 2.18676737
0.83206020 2.18919198
0.83192285 2.19072545
0.83178843 2.19393680
0.83165108 2.19694034
0.83151374 2.19769266
0.83142315 2.19998219
0.83128580 2.20115067
0.83114845 2.20265332
0.83105786 2.20403713
0.83096435 2.20474844
0.83082700 2.20673887
0.83073641 2.20691255
0.83059907 2.20964344
0.83046172 2.21214479
0.83032730 2.21386123
0.83018995 2.21511872
0.83005260 2.21757737
0.82991526 2.22002488
0.82982467 2.22152243
0.82968732 2.22208318
0.82959673 2.22470317
0.82945938 2.22547064
0.82936587 2.22606757
0.82923145 2.22810917
0.82913793 2.22922294
0.82900059 2.23074734
0.82891000 2.23211858
0.82877265 2.23517450
0.82868206 2.23710520
0.82854471 2.23849498
0.82840737 2.24078776
0.82831678 2.24211652
0.82817943 2.24296219
0.82808884 2.24528022
0.82799825 2.24701288
0.82790474 2.24763635
0.82777031 2.24756405
0.82767680 2.24758326
0.82758621 2.25083441
0.82744886 2.25235577
0.82731152 2.25384231
0.82717709 2.25664738
0.82703974 2.25832935
0.82690240 2.26071425
0.82676505 2.26464531
0.82662771 2.26684866
0.82653711 2.26900524
0.82639977 2.26944271
0.82626242 2.27316013
0.82617183 2.27397005
0.82603448 2.27586906
0.82589714 2.27768020
0.82580655 2.27908041
0.82566920 2.28173656
0.82557861 2.28329403
0.82544126 2.28451886
0.82530392 2.28716161
0.82521333 2.28891869
0.82507598 2.29031363
0.82493863 2.29136630
0.82484804 2.29421204
0.82471070 2.29779024
0.82457335 2.29851296
0.82443600 2.30223194
0.82429866 2.30360564
0.82416131 2.30573685
0.82402396 2.30729559
0.82388662 2.30941468
0.82375219 2.31106523
0.82361485 2.31496124
0.82352426 2.31590550
0.82338691 2.31673943
0.82329340 2.31857133
0.82315605 2.31885257
0.82306546 2.32012537
0.82292811 2.32399393
0.82279077 2.32612166
0.82270018 2.32656345
0.82256283 2.32907223
0.82242841 2.33131932
0.82229106 2.33248991
0.82215371 2.33433426
0.82206020 2.33615269
0.82192578 2.33836154
0.82183226 2.33914050
0.82169492 2.33957504
0.82160433 2.34261265
0.82146698 2.34393459
0.82137639 2.34596647
0.82123904 2.34764485
0.82110170 2.34885877
0.82096727 2.34978850
0.82087376 2.35332726
0.82073641 2.35614210
0.82060199 2.35720231
0.82046464 2.35952281
0.82037113 2.36023190
0.82023378 2.36171073
0.82014319 2.36330918
0.82000585 2.36553468
0.81991526 2.36621624
0.81977791 2.36727670
0.81968732 2.36918679
0.81954997 2.37092208
0.81941263 2.37282291
0.81932204 2.37564951
0.81918469 2.37672420
0.81909410 2.37698272
0.81900351 2.37846432
0.81891000 2.37724331
0.81881941 2.37856229
0.81868206 2.38155603
0.81854471 2.38339700
0.81841029 2.38560171
0.81827294 2.38800592
0.81813560 2.39218157
0.81804208 2.39358187
0.81790766 2.39630851
0.81777031 2.39587573
0.81767680 2.39721692
0.81754237 2.39961720
0.81740503 2.40247284
0.81731152 2.40465165
0.81717709 2.40492654
0.81708358 2.40650587
0.81694623 2.40826066
0.81681181 2.40874226
0.81671830 2.41045211
0.81658095 2.41239355
0.81649036 2.41367893
0.81635301 2.41601160
0.81621859 2.41640881
0.81608124 2.41894272
0.81594389 2.42181134
0.81580655 2.42440364
0.81571596 2.42375734
0.81557861 2.42772013
0.81544126 2.43047408
0.81535067 2.42992594
0.81521333 2.43363317
0.81507598 2.43564533
0.81498539 2.43630178
0.81484804 2.43819846
0.81471070 2.43990483
0.81462011 2.44173145
0.81448276 2.44248613
0.81438925 2.44498736
0.81425482 2.44704784
0.81411748 2.44923984
0.81398013 2.44937708
0.81384278 2.45189710
0.81370544 2.45419382
0.81356809 2.45504564
0.81343074 2.45942428
0.81329340 2.46225401
0.81315897 2.46391252
0.81302163 2.46518863
0.81292811 2.46729098
0.81279369 2.46796170
0.81270018 2.47051455
0.81260959 2.47088548
0.81247224 2.47219489
0.81238165 2.47333707
0.81224430 2.47367518
0.81215371 2.47681629
0.81201637 2.47748216
0.81192578 2.47767154
0.81183519 2.47942224
0.81169784 2.48079628
0.81160433 2.48102236
0.81146698 2.48308581
0.81137639 2.48465017
0.81128580 2.48730407
0.81114845 2.48639957
0.81101111 2.48966130
0.81087376 2.49114608
0.81073641 2.49416028
0.81060199 2.49646847
0.81046464 2.49832956
0.81037113 2.50069887
0.81023671 2.50246366
0.81009936 2.50458379
0.81000877 2.50565567
0.80987142 2.50682660
0.80973408 2.50931361
0.80964349 2.51220164
0.80950614 2.51331304
0.80941263 2.51439074
0.80927528 2.51725207
0.80914086 2.51758331
0.80904734 2.51849508
0.80891000 2.52361325
0.80877557 2.52301528
0.80868206 2.52637181
0.80854764 2.52654457
0.80841029 2.52970968
0.80827294 2.53055392
0.80817943 2.53358752
0.80804501 2.53545822
0.80790766 2.53603318
0.80777031 2.53855545
0.80763297 2.54046900
0.80749562 2.54305362
0.80740503 2.54575784
0.80722093 2.54678056
0.80708358 2.55021456
0.80694915 2.55143105
0.80681181 2.55387283
0.80671830 2.55555398
0.80658387 2.55762525
0.80649036 2.55875000
0.80635301 2.55939261
0.80626242 2.56010654
0.80612508 2.56334266
0.80599065 2.56438369
0.80589714 2.56591946
0.80575979 2.56718180
0.80562537 2.56915579
0.80548802 2.57119311
0.80539451 2.57295343
0.80525716 2.57176479
0.80516657 2.57329652
0.80502922 2.57586461
0.80489188 2.57699928
0.80480129 2.57763145
0.80466394 2.57998672
0.80452659 2.58151351
0.80443600 2.58321224
0.80429866 2.58544289
0.80416131 2.58675276
0.80402689 2.58932026
0.80393337 2.58957121
0.80379603 2.59054410
0.80370544 2.58986713
0.80361485 2.59239087
0.80352426 2.59389794
0.80343367 2.59498701
0.80329632 2.59581718
0.80320281 2.59771546
0.80306546 2.59744099
0.80293104 2.59931688
0.80283752 2.60131457
0.80270018 2.60251573
0.80260959 2.60524881
0.80251900 2.60644832
0.80238165 2.60549881
0.80229106 2.60881708
0.80215371 2.60995352
0.80201637 2.61425323
0.80187902 2.61417989
0.80174167 2.61739374
0.80160433 2.62033292
0.80146990 2.62131634
0.80133256 2.62450652
0.80124197 2.62602585
0.80110462 2.62671416
0.80096727 2.62896254
0.80087376 2.63061687
0.80073934 2.63092975
0.80064582 2.63340415
0.80050848 2.63550472
0.80037405 2.63621189
0.80023671 2.63829152
0.80014319 2.63998223
0.80000877 2.64228195
0.79987142 2.64326994
0.79973408 2.64505883
0.79964349 2.64739684
0.79950614 2.64834962
0.79936879 2.65163634
0.79923145 2.65249011
0.79914086 2.65605762
0.79900351 2.65605786
0.79886616 2.65932454
0.79872882 2.66040878
0.79859147 2.66332249
0.79845412 2.66503432
0.79831678 2.66601400
0.79818235 2.66895668
0.79808884 2.67101351
0.79795149 2.67059341
0.79781707 2.67268694
0.79772356 2.67399255
0.79758621 2.67543026
0.79749562 2.67720879
0.79735827 2.67913091
0.79722385 2.67994752
0.79708650 2.68087639
0.79699299 2.68371391
0.79685856 2.68537610
0.79672122 2.68735174
0.79658387 2.68920683
0.79649036 2.69123752
0.79635593 2.69060880
0.79626242 2.69378314
0.79617183 2.69343600
0.79603448 2.69594091
0.79594389 2.69680630
0.79580655 2.69796759
0.79566920 2.69882588
0.79557861 2.70116732
0.79544126 2.70227992
0.79535067 2.70411175
0.79526008 2.70653271
0.79512274 2.70678291
0.79502922 2.70754541
0.79489480 2.70870126
0.79480129 2.71004750
0.79466686 2.71257660
0.79457335 2.71261034
0.79443600 2.71576986
0.79429866 2.71596917
0.79416423 2.71955653
0.79402689 2.72179366
0.79393337 2.72327526
0.79379895 2.72549823
0.79366160 2.72571116
0.79357101 2.72815908
0.79343367 2.73038535
0.79329632 2.73053197
0.79315897 2.73450532
0.79306838 2.73609220
0.79293104 2.73675537
0.79283752 2.73878029
0.79270310 2.73961700
0.79260959 2.74068424
0.79247224 2.74316916
0.79233782 2.74454455
0.79220047 2.74698099
0.79210696 2.74838152
0.79197253 2.75053115
0.79183519 2.75264974
0.79169784 2.75398972
0.79160725 2.75678412
0.79146990 2.75809456
0.79133256 2.75884981
0.79124197 2.76009234
0.79110462 2.76223530
0.79096727 2.76500316
0.79087668 2.76529010
0.79073934 2.76759258
0.79060199 2.76931741
0.79046464 2.77219285
0.79032730 2.77383775
0.79018995 2.77706791
0.79005260 2.77781265
0.78991526 2.78071317
0.78978083 2.78150820
0.78968732 2.78324951
0.78954997 2.78284489
0.78941555 2.78547555
0.78932204 2.78738173
0.78918469 2.78762673
0.78909410 2.78967421
0.78895675 2.79228790
0.78881941 2.79218212
0.78868498 2.79462850
0.78859147 2.79768625
0.78845704 2.79716503
0.78836353 2.79986818
0.78822619 2.80046790
0.78808884 2.80235400
0.78799825 2.80367480
0.78786090 2.80590622
0.78777031 2.80701327
0.78763297 2.80840737
0.78749562 2.81040037
0.78736119 2.81105074
0.78726768 2.81458723
0.78713034 2.81628315
0.78703974 2.81733139
0.78690240 2.81857901
0.78681181 2.81956737
0.78667446 2.82133125
0.78653711 2.82208040
0.78644652 2.82551205
0.78630918 2.82554325
0.78621859 2.82798212
0.78612800 2.82780054
0.78603448 2.82912323
0.78589714 2.82950302
0.78580655 2.83158320
0.78566920 2.83364342
0.78553185 2.83549534
0.78539743 2.83801886
0.78526008 2.83890618
0.78516657 2.84339522
0.78503215 2.84339389
0.78489480 2.84554457
0.78480421 2.84819999
0.78466686 2.84969241
0.78452952 2.85145293
0.78443893 2.85244897
0.78430158 2.85412656
0.78416423 2.85696456
0.78407364 2.85855918
0.78393630 2.85900444
0.78379895 2.85991966
0.78370544 2.86336393
0.78357101 2.86531989
0.78343367 2.86665726
0.78329632 2.86853988
0.78315897 2.87067632
0.78306838 2.87199500
0.78293104 2.87270121
0.78279369 2.87538434
0.78270310 2.87616370
0.78256575 2.87844603
0.78242841 2.87941210
0.78229106 2.88184356
0.78215371 2.88367444
0.78201637 2.88633060
0.78188194 2.88796120
0.78174460 2.88916254
0.78160725 2.89096114
0.78151374 2.89213612
0.78137931 2.89452984
0.78124197 2.89541435
0.78115138 2.89777753
0.78101403 2.89580089
0.78092052 2.89878752
0.78078317 2.89961513
0.78064875 2.90200142
0.78055523 2.90340646
0.78041789 2.90469005
0.78028346 2.90671592
0.78014612 2.90667882
0.78000877 2.90921039
0.77991818 2.90931063
0.77978083 2.91090059
0.77969024 2.91220594
0.77955290 2.91369141
0.77945938 2.91330089
0.77936879 2.91487120
0.77923145 2.91535355
0.77914086 2.91586426
0.77905027 2.91813038
0.77891292 2.91837498
0.77882233 2.92015936
0.77868498 2.91999829
0.77859439 2.92212313
0.77850088 2.92297735
0.77836353 2.92523855
0.77822911 2.92582010
0.77813560 2.92816334
0.77799825 2.92707962
0.77790766 2.92959388
0.77777031 2.93160943
0.77763297 2.93301606
0.77749562 2.93512187
0.77736119 2.93641056
0.77722385 2.93893444
0.77713034 2.94172952
0.77699591 2.94308534
0.77690240 2.94451417
0.77676505 2.94489850
0.77663063 2.94627791
0.77653711 2.94816459
0.77639977 2.94975421
0.77626534 2.95003332
0.77617183 2.95207201
0.77603741 2.95298629
0.77594389 2.95586740
0.77580655 2.95697838
0.77567212 2.95636963
0.77553478 2.95874671
0.77544126 2.95993588
0.77530392 2.96200999
0.77516949 2.96278930
0.77503215 2.96502399
0.77489480 2.96754828
0.77480421 2.96937729
0.77466686 2.96874955
0.77452952 2.97085543
0.77443893 2.97325053
0.77430158 2.97509354
0.77416423 2.97555590
0.77407364 2.97671415
0.77393630 2.97785339
0.77379895 2.98059888
0.77366160 2.98152865
0.77352426 2.98491787
0.77338691 2.98789567
0.77324956 2.98949010
0.77311222 2.99025637
0.77297779 2.99096505
0.77284045 2.99274944
0.77274693 2.99318631
0.77261251 2.99540850
0.77247516 2.99756266
0.77233782 2.99747087
0.77224723 3.00028158
0.77210988 3.00175564
0.77201929 3.00207064
0.77188194 3.00277040
0.77178843 3.00379472
0.77169784 3.00547278
0.77156049 3.00623586
0.77142315 3.00831791
0.77133256 3.00883578
0.77119521 3.00996870
0.77105786 3.01222673
0.77092052 3.01419397
0.77078609 3.01555606
0.77069258 3.01750613
0.77055523 3.01828292
0.77046464 3.01909382
0.77032730 3.01983401
0.77023671 3.02228021
0.77009936 3.02198606
0.76996201 3.02485348
0.76987142 3.02589707
0.76973408 3.02806201
0.76964349 3.03051149
0.76955290 3.02872962
0.76946230 3.02846866
0.76932496 3.02996580
0.76923145 3.02955033
0.76909702 3.03285007
0.76895967 3.03312139
0.76886616 3.03588660
0.76872882 3.03775762
0.76859439 3.04032191
0.76845704 3.04273505
0.76831970 3.04470169
0.76818235 3.04657527
0.76804501 3.04827741
0.76790766 3.04769500
0.76777031 3.04999609
0.76763297 3.05243051
0.76749854 3.05340149
0.76740503 3.05458495
0.76727060 3.05541486
0.76717709 3.05526969
0.76708650 3.05614802
0.76699591 3.05624283
0.76685856 3.05735587
0.76676797 3.05754986
0.76667446 3.05913341
0.76653711 3.05820971
0.76644652 3.05923264
0.76630918 3.06134528
0.76617183 3.06311752
0.76608124 3.06488498
0.76594389 3.06559099
0.76580947 3.06717871
0.76567212 3.07021308
0.76553478 3.07170956
0.76539743 3.07480527
0.76526008 3.07665002
0.76512274 3.07798607
0.76503215 3.07876538
0.76489480 3.07996945
0.76475745 3.08150163
0.76462011 3.08224854
0.76448276 3.08444947
0.76439217 3.08577064
0.76425482 3.08557093
0.76411748 3.08754743
0.76398013 3.08721649
0.76388954 3.09094832
0.76375219 3.09096604
0.76361485 3.09247476
0.76348042 3.09451993
0.76338691 3.09671418
0.76325249 3.09607353
0.76315897 3.09793336
0.76302163 3.09782546
0.76293104 3.09975021
0.76279369 3.10164833
0.76270310 3.10246179
0.76256575 3.10487965
0.76247516 3.10515233
0.76233782 3.10654965
0.76220047 3.10821739
0.76210988 3.10894106
0.76197253 3.10859362
0.76188194 3.11164787
0.76174460 3.11289316
0.76165401 3.11371764
0.76151666 3.11468533
