0	0
0.00171599999999998	0.000014
0.0035	0.000018
0.00528000000000001	0.000016
0.00687399999999999	1.19999999999999E-05
0.008438	0.000018
0.01003	0.000082
0.011656	0.00008
0.01331	0.000102
0.014998	0.000116
0.016748	0.000116
0.01853	0.000114
0.020186	0.00016
0.02181	0.00017
0.023404	0.000182
0.024968	0.000242
0.02675	0.000222
0.028562	0.000262
0.030342	0.000278
0.031938	0.000326
0.033404	0.000316
0.035	0.000304
0.036622	0.000268
0.038312	0.000326
0.040062	0.000358
0.041718	0.000376
0.0435	0.000364
0.045216	0.000452
0.046874	0.00045
0.04856	0.000494
0.050248	0.000538
0.052	0.000436
0.05375	0.000528
0.05509	0.00048
0.05656	0.000556
0.05831	0.000518
0.06003	0.000546
0.061686	0.000598
0.063216	0.000598
0.064874	0.000652
0.066436	0.000648
0.068216	0.000636
0.069966	0.000598
0.071718	0.000642
0.073498	0.000694
0.075312	0.000698
0.07703	0.000742
0.078656	0.000744
0.080218	0.000734
0.081746	0.000744
0.083436	0.000774
0.085248	0.00082
0.086968	0.00082
0.08856	0.00078
0.090062	0.000836
0.091624	0.000814
0.09325	0.00087
0.094904	0.001044
0.096592	0.000684
0.098186	0.000472
0.099936	0.001406
0.101624	0.000846
0.103342	0.00099
0.105092	0.00144
0.10678	0.000616
0.108438	0.001318
0.110218	0.000836
0.11172	0.001348
0.113216	0.001208
0.114968	0.001246
0.11678	0.001312
0.11847	0.001134
0.120062	0.001298
0.121652	0.001182
0.123342	0.001274
0.12503	0.001254
0.126748	0.001316
0.128434	0.001372
0.130218	0.001318
0.131998	0.001482
0.133622	0.001426
0.135248	0.00145
0.13675	0.00147
0.138374	0.001422
0.140092	0.001484
0.141872	0.001484
0.1435	0.00154
0.145092	0.001538
0.146592	0.001592
0.148216	0.00164
0.149874	0.001638
0.15156	0.001664
0.15328	0.00165
0.154936	0.001708
0.156686	0.001744
0.158468	0.001732
0.160154	0.001746
0.161906	0.001742
0.163562	0.001826
0.16547	0.00191
0.167186	0.001922
0.168498	0.001908
0.17	0.00191
0.171748	0.00191
0.173594	0.001948
0.17528	0.001954
0.176874	0.00202
0.178406	0.00201
0.18003	0.002014
0.181718	0.002042
0.183404	0.0021
0.185122	0.002156
0.186842	0.002162
0.18853	0.002218
0.190312	0.002228
0.191968	0.002232
0.193562	0.002294
0.195062	0.002328
0.196686	0.002336
0.1985	0.002322
0.20028	0.00233
0.201904	0.002378
0.203466	0.002404
0.205092	0.002434
0.206686	0.002564
0.208406	0.002938
0.210028	0.00186
0.211624	0.002934
0.21331	0.002734
0.215	0.002692
0.21675	0.003008
0.218374	0.002752
0.220094	0.0034
0.221872	0.002664
0.223622	0.003008
0.225028	0.003368
0.226498	0.002878
0.228248	0.002842
0.22997	0.003194
0.231622	0.00277
0.23325	0.003278
0.234844	0.002662
0.236496	0.003572
0.238216	0.003106
0.239874	0.002832
0.241592	0.003634
0.243406	0.003166
0.245186	0.00288
0.24706	0.003404
0.248778	0.002996
0.250374	0.002774
0.251748	0.003442
0.25331	0.003422
0.255154	0.002792
0.256968	0.00275
0.258594	0.003538
0.260154	0.002432
0.261686	0.003516
0.263312	0.003146
0.264936	0.003508
0.266562	0.00356
0.26822	0.003774
0.269906	0.003946
0.271688	0.003564
0.273342	0.00398
0.27506	0.003638
0.27675	0.00362
0.278528	0.003676
0.280374	0.00354
0.281812	0.003706
0.283282	0.003636
0.284968	0.003858
0.28678	0.00387
0.288594	0.00401
0.29028	0.004118
0.291778	0.004082
0.29331	0.004102
0.294968	0.004148
0.296656	0.004194
0.298466	0.004082
0.300214	0.00403
0.301906	0.003744
0.303592	0.004236
0.30528	0.004654
0.306936	0.004114
0.308404	0.004934
0.309968	0.00417
0.311654	0.00423
0.313404	0.004452
0.315122	0.004038
0.316716	0.004746
0.318342	0.004046
0.319936	0.00494
0.32159	0.004298
0.323248	0.004806
0.324908	0.00476
0.326592	0.00478
0.328404	0.005046
0.330154	0.004802
0.331936	0.005164
0.33381	0.004854
0.33553	0.005014
0.337186	0.005046
0.338654	0.004952
0.340028	0.005154
0.341748	0.005066
0.34353	0.00522
0.34525	0.005206
0.346844	0.005268
0.348404	0.005294
0.350062	0.005304
0.351684	0.005422
0.35334	0.005382
0.35506	0.005492
0.356812	0.005546
0.358624	0.005584
0.360312	0.005664
0.362032	0.005692
0.363592	0.005748
0.365124	0.005678
0.366778	0.005828
0.36853	0.005818
0.370342	0.005896
0.371938	0.005882
0.373532	0.005884
0.375154	0.006336
0.376716	0.006166
0.378342	0.00621
0.38006	0.006244
0.381654	0.006118
0.38331	0.006256
0.384998	0.006128
0.38675	0.006256
0.388438	0.00629
0.39025	0.006354
0.391998	0.006426
0.393654	0.006394
0.395186	0.006504
0.396592	0.006476
0.398156	0.006582
0.399936	0.00665
0.401716	0.00667
0.403374	0.006756
0.404938	0.006724
0.40656	0.006796
0.40828	0.006858
0.409968	0.006938
0.411718	0.006982
0.413436	0.007072
0.415218	0.007126
0.416904	0.007152
0.418624	0.007216
0.420218	0.007182
0.421716	0.007194
0.423374	0.007256
0.425122	0.007286
0.42681	0.007374
0.428498	0.0074
0.430062	0.00746
0.431716	0.007516
0.43331	0.007562
0.434936	0.00764
0.436562	0.007678
0.438216	0.007704
0.439876	0.00775
0.441624	0.007858
0.443434	0.007914
0.445186	0.007984
0.446874	0.008064
0.448592	0.00809
0.45034	0.008098
0.451998	0.008002
0.453376	0.008156
0.455	0.008166
0.456716	0.008306
0.45853	0.00841
0.460248	0.008196
0.461842	0.008512
0.463406	0.008254
0.46503	0.008898
0.466686	0.008406
0.468374	0.00883
0.47006	0.008632
0.471748	0.009198
0.473436	0.009074
0.475092	0.009096
0.476718	0.008956
0.478188	0.009092
0.479876	0.009064
0.481652	0.00911
0.483468	0.009208
0.485124	0.009426
0.486716	0.009402
0.488312	0.009754
0.489966	0.009214
0.491594	0.009632
0.493248	0.00944
0.494938	0.00959
0.496656	0.009504
0.498468	0.009954
0.500218	0.009866
0.50197	0.01004
0.503652	0.010308
0.505308	0.010084
0.506998	0.010616
0.508718	0.009558
0.51009	0.008608
0.511558	0.009782
0.513342	0.008036
0.515126	0.009526
0.516748	0.009066
0.518374	0.010134
0.519968	0.010356
0.521592	0.010538
0.523278	0.011636
0.524998	0.010516
0.526716	0.011404
0.528468	0.011056
0.530122	0.010652
0.531906	0.011432
0.533528	0.010432
0.534998	0.011458
0.536718	0.011186
0.538564	0.01106
0.540374	0.01266
0.541966	0.011146
0.543468	0.012248
0.545028	0.011618
0.546624	0.012036
0.54825	0.012056
0.549904	0.011934
0.551528	0.012568
0.553184	0.011906
0.554842	0.012784
0.556624	0.012384
0.558342	0.01275
0.560124	0.012796
0.56181	0.01264
0.563468	0.012852
0.565154	0.012764
0.566626	0.012856
0.568154	0.01291
0.569938	0.012872
0.571684	0.013312
0.57331	0.013354
0.574908	0.013456
0.576558	0.01362
0.578278	0.013648
0.579998	0.013788
0.581652	0.014094
0.583406	0.014162
0.585186	0.014112
0.586844	0.014434
0.5885	0.014364
0.590156	0.014398
0.59178	0.01448
0.59334	0.014888
0.595124	0.014366
0.596906	0.01528
0.598528	0.014322
0.60009	0.01526
0.60156	0.014986
0.603216	0.015214
0.604844	0.015456
0.60659	0.015248
0.608282	0.015676
0.609906	0.015294
0.611716	0.015576
0.61356	0.015802
0.61528	0.015712
0.61703	0.016254
0.618718	0.016064
0.620406	0.01634
0.622124	0.016324
0.62353	0.016554
0.625156	0.016562
0.62678	0.01674
0.62853	0.01699
0.630218	0.017012
0.631812	0.017244
0.633404	0.017204
0.635028	0.01748
0.636654	0.01754
0.63831	0.017606
0.64	0.017886
0.641752	0.017846
0.643528	0.0183
0.64528	0.017996
0.646842	0.01835
0.648404	0.018396
0.649936	0.018396
0.651718	0.018614
0.653594	0.018842
0.655374	0.019148
0.656966	0.019106
0.6585	0.019524
0.66012	0.01933
0.66172	0.019742
0.663374	0.01966
0.665152	0.019918
0.66681	0.02009
0.668498	0.020154
0.670248	0.020444
0.67197	0.02067
0.673686	0.020768
0.675342	0.020862
0.67703	0.02108
0.678686	0.021044
0.680154	0.02125
0.681626	0.021242
0.683406	0.021606
0.685184	0.021644
0.686748	0.021812
0.688248	0.021896
0.689814	0.021834
0.691466	0.022182
0.693184	0.0224
0.694904	0.02283
0.69659	0.02325
0.698342	0.023326
0.700186	0.023716
0.701874	0.023828
0.7035	0.02387
0.70506	0.023976
0.706624	0.02399
0.708312	0.024514
0.710188	0.024446
0.711874	0.02478
0.713498	0.02499
0.71503	0.02503
0.716654	0.025274
0.71828	0.025464
0.719998	0.025654
0.721716	0.025838
0.723342	0.026144
0.72506	0.026342
0.72675	0.026574
0.728466	0.026936
0.73006	0.027066
0.731778	0.027302
0.733562	0.027484
0.735342	0.027694
0.73678	0.027878
0.73828	0.028058
0.740028	0.028326
0.741778	0.02855
0.743468	0.028584
0.745092	0.028704
0.746684	0.028894
0.74831	0.029194
0.750028	0.029458
0.751686	0.029726
0.753406	0.030014
0.755154	0.030372
0.756938	0.030664
0.758654	0.030914
0.760374	0.031132
0.761842	0.031318
0.76334	0.031502
0.76503	0.031816
0.766876	0.03206
0.768498	0.032328
0.77006	0.032576
0.771656	0.032804
0.773278	0.033204
0.774966	0.03339
0.77656	0.033796
0.77831	0.03392
0.779968	0.034278
0.781718	0.034568
0.783404	0.03488
0.785248	0.035404
0.786968	0.03569
0.788622	0.035948
0.790404	0.036146
0.792062	0.036452
0.793468	0.036744
0.794936	0.037002
0.796654	0.037356
0.798406	0.037712
0.800092	0.038118
0.801748	0.038376
0.80331	0.038654
0.804904	0.03895
0.806592	0.039284
0.808312	0.039732
0.81	0.03999
0.811686	0.040454
0.813406	0.040714
0.815154	0.041166
0.816906	0.041442
0.818502	0.041738
0.820032	0.04214
0.821686	0.042506
0.823406	0.042948
0.825218	0.043336
0.826904	0.043682
0.82847	0.044062
0.830094	0.044418
0.831686	0.044856
0.833374	0.045178
0.83506	0.045674
0.836718	0.046114
0.838404	0.046504
0.840092	0.047006
0.84178	0.047466
0.843406	0.047908
0.845154	0.048126
0.846968	0.04846
0.848748	0.048924
0.850122	0.049286
0.85153	0.049636
0.853218	0.050044
0.854968	0.050508
0.856622	0.050882
0.85828	0.051226
0.859904	0.051696
0.861562	0.05216
0.863218	0.052648
0.864904	0.053122
0.866622	0.053538
0.868406	0.054178
0.870216	0.054748
0.871968	0.055178
0.873686	0.055482
0.87528	0.05593
0.876716	0.056342
0.878312	0.056724
0.880122	0.057248
0.881936	0.057802
0.88353	0.058196
0.885124	0.05855
0.886686	0.058978
0.888342	0.059394
0.889998	0.059842
0.891656	0.060376
0.893308	0.06093
0.894968	0.061394
0.896656	0.062022
0.898372	0.062664
0.900094	0.06328
0.90181	0.06368
0.903624	0.064026
0.905434	0.064614
0.906876	0.065094
0.908344	0.06549
0.91003	0.066024
0.91178	0.066712
0.913562	0.067198
0.915094	0.067622
0.916654	0.068072
0.918218	0.068476
0.919906	0.06914
0.921684	0.069778
0.923404	0.070398
0.925186	0.071082
0.926906	0.071672
0.928622	0.072116
0.930248	0.072362
0.931872	0.072882
0.933342	0.073518
0.934968	0.074172
0.936684	0.074704
0.938406	0.075374
0.940062	0.076042
0.941684	0.076582
0.943312	0.07719
0.944968	0.077824
0.946622	0.078492
0.94831	0.079222
0.949998	0.079962
0.951718	0.08064
0.953436	0.081322
0.955156	0.081912
0.956812	0.08262
0.958468	0.083286
0.960154	0.0836
0.961968	0.08419
0.96356	0.084804
0.964966	0.085262
0.96656	0.08599
0.96831	0.08675
0.97003	0.087414
0.971686	0.087942
0.973218	0.088488
0.974812	0.089196
0.976468	0.089878
0.978126	0.090624
0.979844	0.09134
0.981594	0.091964
0.98331	0.092716
0.985124	0.093534
0.986872	0.094214
0.988498	0.095024
0.989998	0.095568
0.991656	0.09615
0.993468	0.095294
0.99531	0.09642
0.996998	0.097398
0.998624	0.098176
1.000154	0.098972
1.001812	0.099636
1.003436	0.100338
1.005124	0.101112
1.00678	0.10185
1.008434	0.10267
1.010154	0.103544
1.011938	0.104334
1.013594	0.105158
1.015436	0.106124
1.01706	0.106718
1.018716	0.107252
1.02025	0.107842
1.021656	0.108514
1.02328	0.109286
1.02506	0.110068
1.026812	0.110914
1.028404	0.111496
1.03	0.112066
1.031592	0.112936
1.03328	0.113952
1.034968	0.114806
1.036654	0.114956
1.038404	0.115176
1.040246	0.11626
1.041904	0.11711
1.043594	0.117926
1.045188	0.118968
1.046746	0.11966
1.048374	0.12022
1.050246	0.12082
1.052	0.121794
1.053622	0.122654
1.055218	0.123436
1.05681	0.124416
1.058438	0.125304
1.060094	0.126186
1.06172	0.126936
1.063342	0.127668
1.064936	0.128474
1.06675	0.129442
1.06856	0.130648
1.07028	0.131756
1.071904	0.132748
1.073562	0.133372
1.07528	0.13417
1.076968	0.135218
1.078408	0.135982
1.079936	0.136898
1.081686	0.137834
1.083438	0.138798
1.08509	0.139688
1.086716	0.140494
1.088376	0.141212
1.09	0.14196
1.091624	0.14291
1.09328	0.144026
1.094968	0.145052
1.096688	0.146112
1.098406	0.146926
1.100216	0.147902
1.10181	0.149144
1.10328	0.149826
1.104876	0.150542
1.106746	0.151538
1.108562	0.152652
1.11028	0.153486
1.111874	0.154152
1.113438	0.154992
1.115092	0.155908
1.116686	0.156864
1.118374	0.157976
1.120122	0.159166
1.12178	0.160372
1.12356	0.161512
1.12528	0.162528
1.126908	0.163388
1.12853	0.164298
1.130154	0.16518
1.131842	0.16623
1.13359	0.167546
1.134934	0.168234
1.136402	0.16903
1.138154	0.170132
1.139904	0.171658
1.141654	0.172788
1.143312	0.173714
1.144842	0.174464
1.146466	0.175458
1.148122	0.176694
1.149874	0.177934
1.151622	0.179314
1.153436	0.180678
1.155126	0.181674
1.156936	0.183106
1.158624	0.184692
1.16006	0.185678
1.16178	0.18662
1.163656	0.188044
1.165498	0.18957
1.167062	0.190614
1.168498	0.191164
1.17006	0.19206
1.171654	0.193096
1.17328	0.194362
1.174968	0.195716
1.176654	0.197064
1.17828	0.198268
1.18003	0.19925
1.181748	0.200574
1.1835	0.20194
1.185216	0.203396
1.186874	0.204484
1.188528	0.20547
1.190216	0.206808
1.191624	0.207688
1.193154	0.208596
1.194938	0.210042
1.19678	0.211764
1.198468	0.21305
1.200062	0.213902
1.201718	0.214438
1.203406	0.215092
1.205126	0.215956
1.206842	0.216718
1.208594	0.217968
1.210372	0.219172
1.212032	0.220124
1.213652	0.221068
1.215248	0.222732
1.216844	0.223946
1.218342	0.223898
1.22009	0.22419
1.221936	0.225478
1.223592	0.227048
1.225156	0.228518
1.226684	0.229928
1.228248	0.231216
1.229904	0.23254
1.231622	0.233976
1.233278	0.235334
1.234966	0.236828
1.236748	0.238516
1.23853	0.240286
1.24028	0.242034
1.242062	0.243742
1.243718	0.245064
1.245404	0.24624
1.247064	0.247744
1.24853	0.248766
1.250126	0.249892
1.251778	0.251424
1.25353	0.252922
1.255278	0.254276
1.256874	0.255498
1.258406	0.256612
1.260028	0.25771
1.261622	0.258844
1.263218	0.260076
1.264938	0.261386
1.266654	0.262972
1.268438	0.2648
1.270124	0.265898
1.27178	0.267306
1.273312	0.268648
1.274906	0.269708
1.276656	0.271254
1.278498	0.273224
1.280218	0.274844
1.28178	0.276076
1.283406	0.27725
1.284968	0.278386
1.28656	0.279778
1.288216	0.28143
1.289936	0.283206
1.291686	0.284902
1.293404	0.286672
1.295156	0.288452
1.29697	0.290278
1.298654	0.292158
1.300282	0.293658
1.302028	0.295288
1.303778	0.296692
1.305152	0.297
1.306686	0.297868
1.308438	0.299258
1.310154	0.299328
1.311748	0.299956
1.31331	0.301194
1.314874	0.302346
1.316498	0.303508
1.31828	0.30473
1.319998	0.30585
1.321748	0.306268
1.323466	0.307816
1.32525	0.30973
1.326904	0.31165
1.32853	0.313282
1.330124	0.314994
1.331686	0.31655
1.333344	0.317906
1.335216	0.319604
1.336904	0.31907
1.33853	0.318292
1.34009	0.319882
1.341686	0.32155
1.34331	0.323432
1.344998	0.3252
1.346654	0.326994
1.348282	0.32872
1.35	0.330654
1.351718	0.33266
1.353404	0.334508
1.355124	0.336494
1.356872	0.338282
1.358626	0.34022
1.360342	0.342234
1.361844	0.343388
1.363312	0.344312
1.365124	0.34647
1.366904	0.34895
1.36853	0.350588
1.370154	0.350968
1.371686	0.349666
1.373342	0.351826
1.37506	0.354256
1.376748	0.356488
1.3785	0.358744
1.38028	0.36042
1.382	0.36226
1.383688	0.364306
1.385342	0.366102
1.386842	0.367838
1.388374	0.369296
1.390062	0.370562
1.391906	0.371932
1.393532	0.373722
1.395124	0.37528
1.396654	0.3764
1.398248	0.377758
1.399906	0.379082
1.40156	0.381162
1.403278	0.383422
1.404876	0.385362
1.406592	0.38714
1.408344	0.388942
1.410092	0.39085
1.411842	0.392724
1.413624	0.393954
1.415466	0.395292
1.417154	0.396778
1.418498	0.3975
1.419998	0.398826
1.42175	0.400942
1.423562	0.40291
1.425216	0.404298
1.42678	0.405764
1.428282	0.407056
1.429906	0.408478
1.431498	0.410114
1.433186	0.41187
1.434876	0.413642
1.436562	0.41536
1.438314	0.417094
1.440062	0.418866
1.441812	0.420544
1.44347	0.422686
1.445	0.424044
1.446622	0.425584
1.448374	0.426988
1.450156	0.42699
1.45181	0.42937
1.453406	0.431122
1.455032	0.432946
1.456654	0.434656
1.458312	0.436466
1.459998	0.438202
1.461652	0.438332
1.463342	0.43965
1.465028	0.441826
1.46675	0.44404
1.468374	0.445482
1.470062	0.445428
1.471874	0.44711
1.473718	0.449354
1.475092	0.450836
1.476592	0.452566
1.47828	0.455114
1.48003	0.457148
1.481622	0.457884
1.483248	0.459622
1.484844	0.461588
1.48653	0.463726
1.488218	0.465838
1.489906	0.467762
1.491654	0.469562
1.493466	0.471578
1.495344	0.47389
1.497092	0.475798
1.498778	0.477332
1.500374	0.479074
1.50178	0.480142
1.503374	0.481442
1.50525	0.483538
1.506968	0.48576
1.50856	0.487906
1.510188	0.489592
1.511716	0.491322
1.513282	0.492682
1.514906	0.494196
1.516528	0.495768
1.51825	0.497092
1.519908	0.498262
1.521626	0.499884
1.523312	0.50161
1.525096	0.504138
1.526778	0.506464
1.528594	0.508544
1.530406	0.51084
1.531844	0.512324
1.533314	0.51186
1.53503	0.514252
1.536842	0.51747
1.538562	0.520424
1.540216	0.522402
1.541782	0.523722
1.54331	0.524976
1.544936	0.526692
1.546688	0.528584
1.548436	0.530826
1.550184	0.532772
1.551936	0.534736
1.553654	0.536672
1.555312	0.538482
1.556906	0.540542
1.558342	0.541908
1.559936	0.543356
1.561654	0.544192
1.563466	0.546516
1.565154	0.548796
1.566748	0.550498
1.568374	0.552188
1.569998	0.553802
1.571686	0.555302
1.573376	0.557172
1.575092	0.559078
1.576748	0.560974
1.578468	0.56281
1.580184	0.564496
1.581872	0.566746
1.583626	0.56928
1.585374	0.57103
1.587126	0.572884
1.58859	0.574522
1.589964	0.57496
1.591622	0.575656
1.593312	0.578936
1.595126	0.581562
1.59675	0.583504
1.59828	0.585324
1.599844	0.587272
1.601496	0.589292
1.603214	0.582082
1.604906	0.584916
1.606686	0.586924
1.608438	0.589722
1.61022	0.592918
1.611968	0.595694
1.61356	0.598602
1.61509	0.600736
1.616718	0.603024
1.618532	0.60569
1.620342	0.608062
1.621968	0.609726
1.623562	0.611164
1.625124	0.613
1.626716	0.614766
1.628404	0.616952
1.63006	0.619312
1.631654	0.62162
1.633312	0.623926
1.635062	0.626268
1.63678	0.61779
1.638436	0.621058
1.640184	0.62444
1.641874	0.627054
1.64353	0.629396
1.645096	0.631638
1.646562	0.633422
1.648186	0.636102
1.649966	0.639604
1.651718	0.642922
1.653438	0.64556
1.654968	0.647702
1.656622	0.650092
1.658278	0.652466
1.659998	0.654518
1.661748	0.656476
1.66353	0.657506
1.66531	0.659742
1.66703	0.66116
1.66881	0.663414
1.67028	0.665744
1.671812	0.666984
1.673434	0.668128
1.675278	0.671428
1.677032	0.674698
1.678654	0.676574
1.680158	0.6779
1.681716	0.67875
1.68325	0.68015
1.684936	0.682134
1.686592	0.684184
1.688218	0.686336
1.689906	0.687522
1.691656	0.688804
1.693438	0.690188
1.695216	0.690992
1.69684	0.693598
1.698528	0.695086
1.700216	0.696792
1.701906	0.699562
1.703376	0.697268
1.704968	0.698398
1.706716	0.702176
1.708532	0.705426
1.710184	0.708366
1.71178	0.710392
1.713406	0.712328
1.714998	0.713274
1.716654	0.708734
